1 2596.33333333333 1944.33907079558
2 3147 1169.319602732
3 1156 0
4 3622 3521.48349421093
5 2223 3009.59814593244
6 3251 2761.73212555695
7 1114 0
9 2252.66666666667 1517.08886980588
10 2363 0
11 3365 0
13 1317 0
22 2180 0
24 149 0
25 2379.5 2471.48391659748
26 2827.5 1835.46799209357
27 2473 1898.27158225582
28 2662.06666666667 1333.48227989488
29 2511.75 1267.92594356672
30 2615.74 1361.79742692951
31 2249.30769230769 1507.35971884355
32 2517.62962962963 1380.07303664426
33 2407.33333333333 1744.06907446578
34 2032.80952380952 1368.88691640665
35 2745.91666666667 1559.87404973176
36 2195.52631578947 1362.3426828683
37 2348.42857142857 1407.67032535958
38 2816.57142857143 1331.18022640156
39 2429.5 1395.34964519755
40 2517.92307692308 1767.40999734024
41 2527.5 1710.87554513833
42 2476.625 1299.52743053324
43 2770.16666666667 1478.28109726305
44 2542.16666666667 1572.79927135658
45 5465 3588.77876164023
46 1717.6 1514.11852464286
47 2175.46153846154 1580.88699090349
48 2622.55555555556 1602.44609364081
49 3016.6 1154.78144685477
50 1152 0
51 3249.5 3021.11879111034
52 1391 0
53 2253.78571428571 1580.92515278144
54 3568.72727272727 1482.41143171947
55 3262.6 1620.02130164322
56 2214.66666666667 1678.38969972024
57 2856.66666666667 1929.5800760376
58 2085.05882352941 1382.8499837011
59 2539.375 1145.11292428957
60 2159.66666666667 791.332982308262
61 2738.4 1378.84561056624
62 2868.22222222222 1888.49769233394
63 2167.66666666667 1796.03600944475
64 2413.5 1794.5632198393
65 2890 1126.75685043402
66 4393.2 2152.55807354877
67 2766.33333333333 1208.14212280215
68 3658.6 1687.48801180927
69 1466 0
72 3393 1814.34988356711
75 2833.33333333333 1355.75359937646
76 2223.70588235294 1364.4598148311
77 2284.38461538462 1408.70052849926
78 2465 1711.47640941966
79 3152.83333333333 1587.50955027749
80 1665.16666666667 1470.64072908389
81 2917.66666666667 1178.61755765907
82 2863.66666666667 1803.42444316978
83 2153.5 2487.442813413
84 2411.66666666667 2234.99270443751
85 1938.33333333333 1139.91595694108
86 2974.33333333333 2500.16773881718
87 2107 1491.84231740489
88 3347.16666666667 1671.4340865124
89 2571.92857142857 1566.59497257101
90 2960.95 1520.42137255814
91 2515.26666666667 1770.5164972358
92 2539.32 1524.82651338876
93 3291.75 1496.53435655756
94 2469.2 1879.90408265954
95 2184 1562.23280382065
96 2602.4 1716.87843871759
97 1003 0
98 1938.75 1757.80604850668
99 1675 0
100 3514.6 1343.41229337832
101 143 0
102 2279.5 2217.95102515813
104 1062 0
105 3862.25 2599.84293195442
107 3592 0
108 5681.25 2403.31273540642
109 2251 1640.478283916
110 2563 0
112 2937 0
113 1570 0
114 1119 0
115 1097 0
116 4684 0
117 3293 0
118 292 0
120 1173 0
121 2635.75 1179.97977560352
122 1060 0
123 2971.5 2847.90222503044
124 2678.75 1084.11689291331
125 1864 0
126 3091 0
127 1812 0
129 3556 0
130 1136 0
131 1266 0
132 2447.5 1985.92566577906
133 3358 2661.64122300508
134 3452 1510.42063677639
135 3004.75 1959.59649864456
136 2294 1747.5173818878
137 2589.11111111111 1475.58502104114
138 2598.45714285714 1604.00621798138
139 2384.40677966102 1712.10317289111
140 2409.18604651163 1536.97657693785
141 2333.21428571429 1512.40951331416
142 2796.84210526316 1196.75218561852
143 2908.3 1379.48821726717
144 2594.73333333333 1555.12649932052
145 2261.09090909091 1536.83294499644
146 2263.21428571429 1710.86634060067
147 2761.5 1564.42855297659
148 2775.25 1259.20485468864
149 2911.5 1555.62309430609
150 2736 2268.08068639544
151 1804.5 1503.92311971058
152 1699.66666666667 1113.26427555285
153 1995.75 1590.97569176456
154 2569.66666666667 1398.07817993924
155 1758.25 1144.58373983733
157 2278 1717.2844842949
158 3178.16666666667 2576.95751592627
159 2227.66666666667 2309.8795904164
160 1930.2 1785.84719671085
161 4152 0
162 1423 0
163 1602.6 1056.925252797
164 2506 1331.35138111619
165 1379 0
166 2107.5 1260.23691555728
167 1683 0
168 2743 0
169 5233.25 1987.6004219913
170 1614.66666666667 967.153325773921
171 3831 1985.95984350137
172 1570 0
173 3394.66666666667 1955.81589681192
175 3102.2 2883.09190106732
176 4292 1804.29515323852
177 2780.33333333333 2279.09500801427
178 3987.25 1759.79783995208
179 8842 0
180 1337 0
181 2884.33333333333 2196.11582623099
182 1344 0
183 3767.42857142857 2874.64385490047
184 3012.4 1873.53495830742
185 1138 0
186 1554 1301.01169424853
187 1608 1705.10723025464
188 3762.66666666667 2086.1913995498
189 1826.92857142857 1359.40102572571
190 5236.75 4423.26061152856
191 3284.5 3143.52521065125
192 4235.75 1742.24594632905
194 2956.5 1938.31741896591
195 3575 0
196 1154 0
197 2874.875 1796.93290838366
198 5316.5 3428.74681917461
199 2996 0
200 4660 0
201 1118 0
202 2951.8 1760.74302781525
204 4114.5 2757.66255187251
205 2572 2631.66411230613
206 2270.25 1877.86579326106
207 4926.5 3234.82592267343
211 1731 0
212 3557.33333333333 2286.75808855147
213 4611.75 1307.60452896381
214 5230 4145.63457144983
215 5726 0
216 140 0
217 1969 0
218 8670 0
219 1156 0
220 2995.33333333333 1724.87658173628
221 2672 0
222 411 0
223 272 0
224 1015 0
225 2455 0
226 3195 0
228 3649 0
229 1716 0
230 2495 0
231 4474.75 3036.99216948283
232 1658 0
233 4105 2784.74217837128
234 234 0
235 5914.5 5704.98017086826
236 4667.6 1305.66141859213
237 3611.85714285714 1911.85341477631
238 2556.0625 1204.90592831712
239 1347 1135.58940014174
240 3200.66666666667 1874.61059660104
241 3401.66666666667 2143.74856009022
242 2863 1335.71202921887
243 2310.875 1207.46718425043
244 2860.27777777778 1477.67174929228
245 2886.91666666667 1387.11986625475
246 3261.66666666667 1681.1284119227
247 2824.125 1644.91575514306
248 2670 1927.53687383666
249 3437.2 1274.58881997294
250 3430 2336.81685204468
251 2478.66666666667 1283.69722113727
252 3708 0
253 2724 0
254 2679 2185.44103100495
255 3636 2053.11162222937
256 3430.57142857143 1124.57666411383
257 3713.33333333333 2717.66969213618
258 1564 1815.10826123402
260 3333 0
261 4453.2 998.535557704381
262 1706 0
263 3743.6 1223.17539216582
264 3492.5 2124.55134479416
266 2209 1356.66097459903
268 1696 0
269 1933 0
273 1569 0
274 5490 0
276 5316 0
277 1670 0
278 1086 0
279 3426 2793.97136706875
280 2708 0
281 5473.5 3396.62578892642
282 3463.5 2628.4525390427
283 3448 0
284 2552 0
285 1049 0
286 2283.2 1570.45086323837
287 2282.25 1480.68917856655
288 2082.928 1622.88570991957
289 1810.09900990099 1481.9284916471
290 2070.65384615385 1576.85124108302
291 2154.22123893805 1439.61944675875
292 2213.68558951965 1581.07764333755
293 1999.68181818182 1510.13219297062
294 2165.52336448598 1532.02236286114
295 1983.41176470588 1801.1102974682
296 1967.5145631068 1570.62176753208
297 1929.28497409326 1630.99173536266
298 2030.43055555556 1514.84080159311
299 2056.13194444444 1406.13008844719
300 2227.64705882353 1449.95425556106
301 2719.41428571429 1602.89547356489
302 2367.44262295082 1411.81208394357
303 1689.7125 1526.40413349026
304 2274.22641509434 1556.90021832172
305 2659.08510638298 1485.62508628934
306 2662.2972972973 1696.37375196596
307 2262 1891.70263443884
308 2253.90322580645 1567.08791990088
309 3016.53333333333 1559.81520587379
310 3441.53571428571 1987.80579792365
311 2538.25 1712.88409926066
312 2094.77777777778 1550.21257357398
313 2476.82857142857 1521.28209032491
314 2553.32142857143 1776.03216129481
315 1938.46153846154 1517.52496868157
316 1471.38888888889 1363.92006278019
317 2190.36842105263 1619.56699015847
318 2115.5 1482.66712299796
319 2306.03448275862 2177.01617555173
320 3024.14285714286 2032.07456962458
321 2676.82352941176 1552.63511244192
322 1950.30434782609 1667.1472356682
323 2268.12 1465.7220202344
324 2178.64285714286 1338.298285518
325 3175.16666666667 1980.80005020418
326 3066.6 2061.29138891133
327 1459 0
328 3066.88888888889 1445.70788654205
329 3454.66666666667 1811.08568684073
330 4604 4493.8099648294
331 2932.33333333333 2279.22853663739
332 3110.75 2047.30703710183
333 2517.5 1844.31010136582
334 2472.76470588235 1331.77147883658
335 2483.875 1282.51203785077
336 1985.2 1090.0993145377
337 4204.69230769231 2376.17841241628
338 3736.875 1408.70323553386
339 2592 1342.88224624229
340 4122.73333333333 2347.42434947496
341 3094.375 1615.26894066572
342 3104.85714285714 1500.56381139844
343 2734.97826086957 1580.43633261824
344 3592.08 2054.77908956981
345 3491.7 2091.7588143919
346 2630 1582.69076654285
347 3254.62222222222 1664.0996363524
348 3250.42857142857 1505.65148514646
349 2979.0243902439 1716.16312812388
350 3031.36734693878 1573.31866196268
351 3314.16666666667 2127.46218061469
352 2832.89189189189 1521.76635342247
353 2636.2 1523.04935884353
354 2009.53333333333 1674.79546621395
355 2354.16666666667 1690.32893670173
356 2799.56 1603.75224543361
357 3762.25 1546.22268906088
358 2952.71428571429 2378.71737432987
359 3564.4 1718.34532035909
360 1744.9 1027.73499124153
361 2461.92307692308 1495.94151400167
362 2385.42857142857 1811.29857577713
363 2369.85714285714 744.644628295256
364 1797 0
365 3372.86666666667 1730.51563918397
366 2944.76470588235 1552.97211484612
367 3052.06666666667 2115.10293351531
368 1458.8 1670.70226551591
369 3186.75 1993.24505921159
370 2676.6 2437.01932491312
371 4142 3512.78550441099
372 3286.42857142857 1394.6910332512
373 4190.4 1144.67870601318
374 1716 0
375 2294.5 2024.58162344718
376 3245.75 2107.33909951795
377 2159.83333333333 1444.06127717013
378 3352.5 2638.32157820081
379 1678 0
380 3246 2054.04159089899
381 4512.2 2630.25234720929
382 1897.33333333333 1474.68944941714
383 2487.90909090909 1534.84619925643
384 4665.14285714286 1851.20675662723
385 2060.875 1803.48522274531
386 2428.5 1990.72861451948
387 2984.33333333333 2126.60105698167
388 3958.75 2193.57291918589
389 2417.28571428571 1410.85917399418
390 2917.38461538462 1592.23731666603
391 2546.2380952381 1604.03167436253
392 1657.05882352941 1099.83268289469
393 3147.8 1776.93426173461
394 3188.1875 1344.88557066283
395 3133.625 1467.5143959199
396 2164.76470588235 1511.07882179127
397 2799.95652173913 1670.16637004918
398 2838.05882352941 1402.64894099944
399 3139.5 1487.05837799503
400 3588 1553.1431214011
401 3126.91304347826 1043.00002195506
402 2891.5 1752.01432357159
403 2343.11538461538 1233.51394575769
404 3038.9 1613.58859639657
405 1957.21428571429 1853.17561369141
406 2470.94117647059 1799.75979714576
407 3054 1728.66393495092
408 3429 2264.18536674893
409 2533.125 1775.92781146021
410 2331.75 1499.96797882488
411 1970.45454545455 1890.96736732751
412 2698.94117647059 2038.42580830197
413 1736.66666666667 1345.99978987496
414 2560.3 2257.18108833907
415 3324.25 2323.11032974473
416 2316 0
417 5394.5 3935.06172124403
418 2861.5 2859.44168501475
419 2808.83333333333 2032.86480257679
420 1839 1280.72064674542
421 1215.5 994.572244736399
422 3394.61111111111 2031.34934686943
423 3376.71428571429 2119.77132398436
424 2915.28571428571 1548.24450181971
425 4988 3472.20722307871
426 2776.66666666667 1814.04740076499
427 4019.33333333333 1343.19498046842
428 1983 1309.50639555521
429 1918.08333333333 1369.12535418777
430 4468.42857142857 1486.59620230494
431 1488 1351.98816562868
432 3828.25 3025.89539434198
433 3270.85714285714 1846.9314779801
434 2165 1626.49592683167
435 3053 2360.74825708573
436 4550 1502.15911274405
437 3087.5 2700.22479619753
438 3751.4 2268.84613625517
439 4700 3937.13068109251
440 1819 1479.55145229897
441 2371.16666666667 2399.24097140927
442 2227 0
443 2870.83333333333 1775.23344161331
444 2978 1616.55225712007
445 2285.25 1613.06213070049
446 2675.2 1945.25669942727
447 2564.875 1678.20008344931
448 2899.66666666667 1564.18819910592
449 3618.2 2487.39432695698
450 2652.29411764706 1749.00127958638
451 2952.78947368421 1395.74951656399
452 2743.15625 1226.34582333391
453 3017.22222222222 1575.55726228163
454 3028.1 1476.2534602462
455 3893.7 1890.04972862268
456 2122 1488.02258047383
457 2806.07692307692 1716.85163941884
458 2654 2169.19021756968
459 5429.8 2521.37337774476
460 3490.5 1795.23501247051
461 1501 948.906212436192
462 3280.5 1339.24666842553
463 3114.88888888889 1955.93327081384
464 2303.26666666667 1320.46794387204
465 2072.66666666667 2002.2931575793
466 2802.125 1469.74776216023
467 3240.22222222222 1563.01301997689
468 3066.33333333333 1654.76958785472
469 3234 2187.33399370101
470 3967.75 1901.46687345148
471 1941.8 1156.32673150801
472 2177 1385.02166048044
473 191 0
474 2933.2 2077.5528296532
475 1661 0
476 2166.375 1978.4311430895
477 3751.25 2332.2247827986
478 1359 0
479 2024.8 1615.60714903098
480 3514.2 1159.18769403406
481 3752.58333333333 1935.6218777596
482 3380.85714285714 1971.30768262893
483 2840.75 2617.23985096896
484 4476 3448.80964971974
485 2410.5 1843.92852807983
486 4100 2550.43790357656
487 3971.4 1476.0239801575
488 2571 1866.37256611738
489 2271 0
490 3783.5 3256.63150356315
491 4486 0
492 1603 0
493 3344.8 1879.65687294251
494 2162.90909090909 1769.35956336263
495 2635 2153.65805085208
496 4419.33333333333 3717.65758090883
497 3096.375 1203.54452796877
498 4202.16666666667 1424.46253216979
499 2166.08333333333 1778.6205053767
500 2556.71428571429 2147.75477213403
501 2213.5 1743.59982507455
502 3152.74285714286 1483.98902216666
503 2963.63043478261 1283.26055266662
504 3006.22222222222 1621.4600535734
505 2703.95714285714 1478.98125485096
506 2514.56944444444 1578.36306335728
507 2785.01204819277 1608.72040915622
508 2889.22535211268 1679.09395435947
509 2797.17741935484 1540.20023482011
510 2450.23255813953 1637.64019584065
511 2590.12820512821 1670.0711967015
512 2665.27586206897 1342.68251238799
513 3323.08695652174 1362.55886856465
514 3478.5 1985.82392340356
515 3593.69230769231 1643.17049154974
516 3063.22222222222 1620.78230010781
517 3717.83333333333 1613.95849786427
518 3213.13333333333 1511.21373999064
519 3456.46153846154 1415.29683569776
520 2816.66666666667 1135.06823093984
521 2783.64 1498.33681974381
522 2490.81818181818 1717.58891622063
523 4387.55555555556 2763.20619876867
524 2955.3 1778.52604985139
525 2157.92307692308 1414.13498085679
526 2978.83333333333 1635.02555705476
527 2177.33333333333 3122.65681040289
528 244 0
529 2122 2604.31411315916
530 4362.5 2161.82031707849
531 3496.125 1486.62575224303
532 1540.4 1453.84175204869
533 3217.5 2319.15050898671
534 2377.66666666667 3035.0004484715
535 3502.25 1031.71483895918
536 3443 1254.98508812996
537 3215.30769230769 1797.59098808757
538 2323 0
539 2607.375 1273.38291096843
540 3869.2 1664.84769874004
541 3303 0
542 1287 0
543 3447.45454545455 1710.21874537288
544 2657.33333333333 2097.97802790104
545 4661.66666666667 1849.40757781753
546 3394.72727272727 1388.03160763783
547 3510.54545454545 2180.45880758391
548 5211.66666666667 2780.38469560519
549 2106.66666666667 1193.05441128342
550 2717.6 1719.81241418941
551 2027 1594.28113371931
552 3947 1772.58264969507
553 3272 1417.22104839012
554 3150.11111111111 1964.5974429013
555 3647 3603.2908569806
556 4313.66666666667 2552.15426432042
557 2536 1676.8280323277
558 1530.66666666667 1055.87080438639
559 3604.83333333333 2475.38288733054
560 2744.22222222222 1540.03056627514
561 2691 1477.1520458865
562 4210.5 3165.75247768994
563 2605 1323.68911254368
564 3567 1912.85314822301
565 3338 1614.14776275284
566 2658.27272727273 1711.28478268172
567 2655.125 1595.42030470366
568 2500.22222222222 1448.79927509168
569 3579.5 1710.03075833286
570 1478 1658.66000132637
571 3625.25 2322.66530179591
572 1258 0
573 2655 1398.5309077743
574 1535 0
575 3774.83333333333 1575.82308539526
576 2334.625 2137.35643680375
577 2843 0
578 4612 4271.8391823663
579 163 0
580 1487 0
581 4209.66666666667 3691.42222667031
582 4163 4362.90465172
583 2163 0
584 2124.28571428571 1871.90282976484
585 3891.4 2760.81623618813
586 4873 2821.34941118607
587 3053.16666666667 2113.1528826745
588 4534.5 3666.41279045336
589 2632.33333333333 3323.180513036
590 5028.75 1682.88356821459
591 1746.2 1678.8502941001
592 2604.44444444444 1341.3790052787
593 2958.33333333333 2200.49721969579
594 2598 2350.78164305691
595 2804.5 2242.88543696136
596 2221 3094.691099286
597 2784.71428571429 1685.89679308633
598 1591.86956521739 1467.94617379275
599 5146 3916.49269117153
600 4015.6 1586.40793618791
601 2445.94444444444 1787.07218936043
602 2287.2 1215.09265490332
603 3128.125 1380.26151200338
604 3444.35714285714 1234.45725669333
605 2984 1197.96362303088
606 2699.15625 1286.52052226732
607 2154.83928571429 1541.10381870109
608 2570.83333333333 1624.78226325605
609 2273.85245901639 1585.41333557691
610 2197.02083333333 1654.42471534681
611 2877.88461538462 1591.70430059498
612 2384.34482758621 1505.50524040177
613 2566.6875 1841.33191214324
614 2676.53333333333 1524.91579200243
615 2564.76923076923 1923.40434981816
616 4084.66666666667 1672.57998978292
617 3002.90909090909 1130.68456774449
618 3485 1722.74388694315
619 2762.83333333333 1755.35688405636
620 4617 1439.96145781753
621 2020.66666666667 1463.81209811432
622 3327.375 1913.51196441162
623 3542.2 2419.57763049669
624 4450.5 3781.01345541113
