1	270	1
1	2837	1
1	3524	1
1	3606	1
1	4304	1
1	490	1
1	547	1
2	1454	1
2	2182	1
2	2598	1
2	3152	1
2	3202	1
3	3492	1
3	3758	1
4	1156	1
4	1363	1
4	4725	1
5	3675	1
5	699	1
5	72	1
6	2454	1
6	3873	1
6	459	1
6	461	1
6	5757	1
7	3715	1
9	1114	1
9	1836	1
9	2014	1
9	2424	1
9	2766	1
9	317	1
9	4012	1
9	4428	1
9	480	1
9	883	1
10	3352	1
11	2363	1
11	4022	1
13	3365	1
22	1317	1
22	274	1
24	2180	1
24	2625	1
25	149	1
25	1556	1
25	3054	1
26	1303	1
26	1863	1
26	2489	1
27	1152	1
27	221	1
27	3466	1
27	3948	1
27	3994	1
27	4462	1
27	4516	1
27	643	1
27	711	1
27	723	1
27	894	1
28	1105	1
28	1182	1
28	1187	1
28	119	1
28	1743	1
28	2448	1
28	2765	1
28	2905	1
28	3067	1
28	3582	1
28	3706	1
28	3717	1
28	3837	1
28	3853	1
28	3854	1
28	861	1
29	1082	1
29	1182	1
29	1490	1
29	1506	1
29	1511	1
29	1513	1
29	1842	1
29	1882	1
29	2029	1
29	2573	1
29	2959	1
29	3163	1
29	3203	1
29	3538	1
29	3783	1
29	3799	1
29	3852	1
29	3863	1
29	3971	1
29	4114	1
29	4165	1
29	677	1
29	784	1
29	863	1
29	938	1
30	1037	1
30	1075	1
30	1341	1
30	135	1
30	1412	1
30	1732	1
30	1752	1
30	1791	1
30	1820	1
30	1842	1
30	1934	1
30	2192	1
30	2248	1
30	2255	1
30	2671	1
30	2705	1
30	2743	1
30	2890	1
30	2932	1
30	3106	1
30	3179	1
30	3209	1
30	324	1
30	3275	1
30	3511	1
30	3524	1
30	3546	1
30	3547	1
30	3699	1
30	3787	1
30	3816	1
30	3822	1
30	3828	1
30	3843	1
30	3849	1
30	3867	1
30	3890	1
30	3950	1
30	409	1
30	4197	1
30	4438	1
30	4497	1
30	455	1
30	4701	1
30	4915	1
30	642	1
30	716	1
30	821	1
30	966	1
30	966	1
30	985	1
31	1177	1
31	1193	1
31	1868	1
31	2110	1
31	227	1
31	2387	1
31	3008	1
31	3741	1
31	3913	1
31	3954	1
31	4073	1
31	419	1
31	445	1
31	726	1
32	115	1
32	1169	1
32	1535	1
32	1578	1
32	1693	1
32	1789	1
32	1827	1
32	205	1
32	223	1
32	2313	1
32	2403	1
32	2547	1
32	2644	1
32	286	1
32	2990	1
32	3085	1
32	3113	1
32	3212	1
32	3241	1
32	3680	1
32	3763	1
32	3940	1
32	3942	1
32	4010	1
32	4059	1
32	4084	1
32	4093	1
32	437	1
33	112	1
33	1200	1
33	1609	1
33	2613	1
33	2873	1
33	2936	1
33	3575	1
33	3855	1
33	3877	1
33	4556	1
33	468	1
33	490	1
33	5476	1
33	614	1
33	924	1
33	932	1
34	1012	1
34	1082	1
34	128	1
34	1347	1
34	1347	1
34	1707	1
34	1765	1
34	182	1
34	1879	1
34	2073	1
34	2573	1
34	2916	1
34	3132	1
34	3561	1
34	3785	1
34	3811	1
34	3919	1
34	4140	1
34	457	1
34	465	1
34	617	1
34	791	1
35	1200	1
35	1334	1
35	1339	1
35	1344	1
35	1397	1
35	1449	1
35	1558	1
35	1599	1
35	1889	1
35	2632	1
35	2883	1
35	2944	1
35	322	1
35	3247	1
35	3653	1
35	3711	1
35	3864	1
35	3882	1
35	4024	1
35	4110	1
35	4133	1
35	5652	1
35	5868	1
35	891	1
35	977	1
36	1098	1
36	1290	1
36	1300	1
36	1633	1
36	166	1
36	1840	1
36	1870	1
36	2127	1
36	2248	1
36	2341	1
36	2737	1
36	3707	1
36	3818	1
36	3887	1
36	4209	1
36	4481	1
36	561	1
36	702	1
36	770	1
36	930	1
37	1057	1
37	1390	1
37	2021	1
37	3150	1
37	3296	1
37	3978	1
37	634	1
37	913	1
38	1050	1
38	1120	1
38	1326	1
38	1511	1
38	2189	1
38	2302	1
38	2324	1
38	2538	1
38	2649	1
38	2842	1
38	2960	1
38	3161	1
38	32	1
38	3486	1
38	3666	1
38	3776	1
38	3804	1
38	382	1
38	3862	1
38	3873	1
38	3917	1
38	3939	1
38	3942	1
38	3970	1
38	4120	1
38	4152	1
38	4184	1
38	867	1
38	920	1
39	1299	1
39	1496	1
39	1610	1
39	1716	1
39	1811	1
39	1843	1
39	2124	1
39	3028	1
39	317	1
39	3384	1
39	3682	1
39	3783	1
39	3847	1
39	3980	1
39	4006	1
39	4059	1
39	465	1
39	608	1
39	673	1
40	1016	1
40	1025	1
40	1205	1
40	1453	1
40	1783	1
40	1907	1
40	2017	1
40	2603	1
40	2674	1
40	299	1
40	3122	1
40	3151	1
40	3310	1
40	3375	1
40	3646	1
40	3855	1
40	3871	1
40	4102	1
40	4235	1
40	426	1
40	537	1
40	564	1
40	5877	1
40	627	1
40	6984	1
40	860	1
40	942	1
41	1106	1
41	1195	1
41	1280	1
41	1378	1
41	1397	1
41	1649	1
41	1943	1
41	2146	1
41	2166	1
41	219	1
41	2462	1
41	2491	1
41	252	1
41	3151	1
41	33	1
41	3767	1
41	3846	1
41	3954	1
41	4288	1
41	4722	1
41	5349	1
41	5883	1
41	928	1
42	1053	1
42	1133	1
42	1146	1
42	1372	1
42	1557	1
42	1848	1
42	211	1
42	2325	1
42	2558	1
42	3285	1
42	3334	1
42	3679	1
42	3725	1
42	3760	1
42	3762	1
42	3924	1
42	954	1
43	1025	1
43	1049	1
43	1534	1
43	2616	1
43	266	1
43	3211	1
43	3350	1
43	3724	1
43	3795	1
43	3825	1
43	3982	1
43	3999	1
43	866	1
44	1003	1
44	1306	1
44	1362	1
44	2216	1
44	2838	1
44	3010	1
44	3734	1
44	3928	1
44	4292	1
44	4734	1
44	593	1
44	600	1
44	890	1
45	2338	1
45	3867	1
45	4725	1
46	1043	1
46	1561	1
46	162	1
46	256	1
46	3217	1
46	3901	1
46	3944	1
46	575	1
46	792	1
46	851	1
46	874	1
47	1361	1
47	180	1
47	1834	1
47	3125	1
47	325	1
47	3317	1
47	3604	1
47	3750	1
47	3850	1
47	4074	1
47	469	1
47	603	1
47	845	1
47	944	1
48	1253	1
48	2192	1
48	2452	1
48	3779	1
48	3802	1
48	3818	1
48	4302	1
48	593	1
48	639	1
48	773	1
49	1353	1
49	2044	1
49	2047	1
49	2758	1
49	3084	1
49	3797	1
50	3298	1
50	3653	1
51	1152	1
51	1248	1
51	4099	1
52	1183	1
53	1391	1
53	1686	1
53	1869	1
53	191	1
53	1954	1
53	2028	1
53	2360	1
53	2364	1
53	2613	1
53	3720	1
53	4042	1
53	443	1
53	503	1
53	5770	1
53	619	1
54	2052	1
54	2150	1
54	2617	1
54	3270	1
54	3270	1
54	3350	1
54	3615	1
54	3734	1
54	3891	1
54	4869	1
54	530	1
54	5908	1
55	1024	1
55	1130	1
55	2979	1
55	2999	1
55	316	1
55	3265	1
55	3455	1
55	4003	1
55	4251	1
55	4404	1
55	4800	1
56	1018	1
56	1072	1
56	1461	1
56	1547	1
56	2425	1
56	243	1
56	3198	1
56	3236	1
56	3294	1
56	3742	1
56	376	1
56	378	1
56	4087	1
56	5636	1
56	677	1
56	830	1
57	1032	1
57	2027	1
57	2223	1
57	2396	1
57	2877	1
57	2916	1
57	3253	1
57	3465	1
57	3707	1
57	3929	1
57	405	1
57	4667	1
57	533	1
57	7624	1
57	861	1
57	935	1
58	1170	1
58	1211	1
58	129	1
58	1292	1
58	1330	1
58	1362	1
58	1707	1
58	2863	1
58	2930	1
58	3506	1
58	3629	1
58	3677	1
58	376	1
58	3901	1
58	4009	1
58	649	1
58	736	1
58	969	1
59	1196	1
59	1784	1
59	1806	1
59	2103	1
59	2926	1
59	3081	1
59	3187	1
59	3674	1
59	558	1
60	1725	1
60	1855	1
60	1902	1
60	2133	1
60	2359	1
60	2454	1
60	530	1
61	1094	1
61	1188	1
61	1930	1
61	2160	1
61	2455	1
61	2997	1
61	310	1
61	3373	1
61	3713	1
61	4020	1
61	4144	1
62	1050	1
62	1119	1
62	2177	1
62	2424	1
62	2461	1
62	4424	1
62	4905	1
62	5488	1
62	811	1
62	955	1
63	1051	1
63	1517	1
63	2307	1
63	277	1
63	3476	1
63	371	1
63	4502	1
63	4592	1
63	624	1
63	792	1
64	106	1
64	1236	1
64	1290	1
64	1634	1
64	1728	1
64	3823	1
64	4664	1
65	1322	1
65	2322	1
65	2610	1
65	2931	1
65	3073	1
65	3144	1
65	3864	1
65	964	1
66	350	1
66	3660	1
66	3875	1
66	4079	1
66	4480	1
66	5522	1
67	1627	1
67	1659	1
67	2146	1
67	2867	1
68	1423	1
68	1836	1
68	2285	1
68	3974	1
68	4283	1
68	4492	1
69	2935	1
69	735	1
72	1466	1
72	1881	1
72	2876	1
72	3956	1
75	1771	1
75	1970	1
75	1993	1
75	2812	1
75	3853	1
75	3882	1
75	719	1
76	1131	1
76	1365	1
76	1536	1
76	1743	1
76	2210	1
76	244	1
76	262	1
76	2703	1
76	2774	1
76	3108	1
76	3302	1
76	3364	1
76	3725	1
76	3909	1
76	4191	1
76	524	1
76	776	1
76	936	1
77	1204	1
77	1554	1
77	1609	1
77	2067	1
77	2729	1
77	2808	1
77	3677	1
77	3745	1
77	3868	1
77	3995	1
77	66	1
77	664	1
77	846	1
77	865	1
78	147	1
78	1609	1
78	1798	1
78	2268	1
78	3269	1
78	3589	1
78	4202	1
78	4269	1
78	4326	1
78	468	1
78	570	1
78	600	1
79	1492	1
79	2243	1
79	3082	1
79	3528	1
79	3870	1
79	4231	1
79	471	1
80	1072	1
80	1112	1
80	1781	1
80	212	1
80	2386	1
80	2454	1
80	318	1
80	330	1
80	3887	1
80	4518	1
80	512	1
80	690	1
80	710	1
81	1728	1
81	1819	1
81	2065	1
81	2372	1
81	2464	1
81	3444	1
81	3753	1
81	3773	1
81	4011	1
81	830	1
82	1109	1
82	1396	1
82	2266	1
82	3820	1
83	1104	1
83	424	1
83	5452	1
83	725	1
83	909	1
84	2115	1
84	396	1
84	4070	1
84	654	1
85	1611	1
85	1922	1
85	1922	1
85	360	1
86	3757	1
86	3908	1
86	539	1
86	719	1
87	1455	1
87	162	1
87	2104	1
87	2600	1
88	1353	1
88	2142	1
88	3795	1
88	3970	1
88	4015	1
88	4096	1
88	712	1
89	1357	1
89	1426	1
89	1642	1
89	1921	1
89	1922	1
89	1957	1
89	2944	1
89	3294	1
89	3765	1
89	3878	1
89	4300	1
89	5616	1
89	577	1
89	588	1
89	820	1
90	1446	1
90	2180	1
90	2375	1
90	2378	1
90	2680	1
90	2722	1
90	2873	1
90	2984	1
90	3316	1
90	3378	1
90	3389	1
90	380	1
90	3831	1
90	4044	1
90	4062	1
90	4119	1
90	463	1
90	5312	1
90	5685	1
90	654	1
90	948	1
91	1268	1
91	1414	1
91	1442	1
91	1568	1
91	23	1
91	23	1
91	2311	1
91	2465	1
91	2536	1
91	2887	1
91	3308	1
91	3460	1
91	43	1
91	4510	1
91	5075	1
91	5396	1
92	1262	1
92	1767	1
92	187	1
92	1989	1
92	2428	1
92	272	1
92	2781	1
92	2788	1
92	2936	1
92	3027	1
92	3175	1
92	3878	1
92	3896	1
92	3923	1
92	3959	1
92	3993	1
92	4048	1
92	4139	1
92	42	1
92	4285	1
92	4441	1
92	746	1
92	769	1
92	844	1
92	913	1
92	995	1
93	2525	1
93	3253	1
93	3384	1
93	3707	1
93	3762	1
93	3842	1
93	4394	1
93	535	1
93	932	1
94	189	1
94	3268	1
94	3411	1
94	3853	1
94	751	1
94	874	1
95	2880	1
95	3347	1
95	694	1
95	854	1
95	961	1
96	1013	1
96	1031	1
96	1286	1
96	1328	1
96	170	1
96	2296	1
96	2487	1
96	3156	1
96	3574	1
96	4180	1
96	5503	1
97	3956	1
98	1003	1
98	1955	1
98	3877	1
98	823	1
98	97	1
99	2101	1
99	380	1
100	1675	1
100	2251	1
100	2952	1
100	2968	1
100	3033	1
100	4694	1
101	497	1
102	143	1
102	1793	1
102	2623	1
104	2827	1
105	1062	1
105	1151	1
105	3345	1
105	3834	1
105	6057	1
107	1254	1
107	783	1
108	3592	1
108	3648	1
108	3780	1
108	4247	1
108	7458	1
109	1383	1
109	2260	1
109	859	1
110	1747	1
110	4227	1
112	2563	1
112	3844	1
113	2937	1
114	1570	1
115	1119	1
115	3898	1
116	1097	1
117	4684	1
117	584	1
118	3293	1
120	292	1
120	874	1
121	1173	1
121	1636	1
121	1779	1
121	2790	1
121	3165	1
122	1078	1
122	3235	1
123	1060	1
123	1313	1
123	242	1
123	3064	1
123	6207	1
124	1244	1
124	1826	1
124	2056	1
124	2391	1
124	3198	1
125	230	1
126	1864	1
127	3091	1
129	1812	1
130	3556	1
130	3910	1
131	1136	1
132	1266	1
132	2749	1
132	880	1
133	1043	1
133	2068	1
133	3605	1
134	1141	1
134	2356	1
134	2468	1
134	2874	1
134	3955	1
134	4466	1
135	2279	1
135	3766	1
135	4200	1
135	799	1
135	975	1
136	1190	1
136	1317	1
136	3586	1
136	789	1
137	1042	1
137	1112	1
137	1118	1
137	1141	1
137	1189	1
137	2279	1
137	3706	1
137	3738	1
137	3844	1
137	4133	1
138	1193	1
138	1284	1
138	1292	1
138	1419	1
138	1471	1
138	148	1
138	1559	1
138	1767	1
138	1913	1
138	1975	1
138	2144	1
138	2597	1
138	2720	1
138	2854	1
138	2975	1
138	3252	1
138	3337	1
138	3600	1
138	3601	1
138	3671	1
138	3675	1
138	3758	1
138	3777	1
138	3934	1
138	3950	1
138	4044	1
138	4435	1
138	4503	1
138	5511	1
138	587	1
138	6055	1
138	67	1
138	72	1
138	793	1
138	917	1
138	96	1
139	1087	1
139	1210	1
139	1268	1
139	1292	1
139	1316	1
139	1316	1
139	1553	1
139	1618	1
139	1642	1
139	167	1
139	1704	1
139	1972	1
139	2004	1
139	209	1
139	2150	1
139	2177	1
139	2300	1
139	2314	1
139	2638	1
139	2874	1
139	2955	1
139	30	1
139	30	1
139	3041	1
139	3139	1
139	3204	1
139	3391	1
139	3699	1
139	3839	1
139	3893	1
139	3896	1
139	3899	1
139	3903	1
139	3913	1
139	3947	1
139	3952	1
139	3976	1
139	3983	1
139	4039	1
139	4117	1
139	42	1
139	4248	1
139	4304	1
139	4455	1
139	4489	1
139	45	1
139	4645	1
139	4714	1
139	51	1
139	512	1
139	519	1
139	68	1
139	682	1
139	78	1
139	7818	1
139	785	1
139	805	1
139	880	1
139	898	1
139	985	1
140	1053	1
140	1220	1
140	1329	1
140	1492	1
140	153	1
140	1686	1
140	1815	1
140	1881	1
140	224	1
140	229	1
140	2341	1
140	2453	1
140	2469	1
140	2578	1
140	2726	1
140	2951	1
140	30	1
140	3057	1
140	3119	1
140	3342	1
140	3356	1
140	3399	1
140	3644	1
140	37	1
140	3756	1
140	3808	1
140	3866	1
140	3867	1
140	3876	1
140	3910	1
140	3963	1
140	4003	1
140	4047	1
140	4314	1
140	4425	1
140	4552	1
140	4568	1
140	525	1
140	67	1
140	67	1
140	786	1
140	843	1
140	857	1
140	911	1
141	1064	1
141	119	1
141	1263	1
141	1344	1
141	1639	1
141	1846	1
141	1869	1
141	192	1
141	204	1
141	2085	1
141	2185	1
141	236	1
141	2787	1
141	2819	1
141	3027	1
141	3041	1
141	3049	1
141	3063	1
141	3259	1
141	3273	1
141	3279	1
141	329	1
141	3305	1
141	33	1
141	3320	1
141	3426	1
141	3433	1
141	3572	1
141	3706	1
141	3862	1
141	3928	1
141	3945	1
141	3979	1
141	4306	1
141	4750	1
141	493	1
141	528	1
141	5487	1
141	653	1
141	722	1
141	834	1
141	860	1
141	881	1
142	1105	1
142	1172	1
142	1216	1
142	1349	1
142	1485	1
142	2181	1
142	2252	1
142	2599	1
142	2995	1
142	3153	1
142	3155	1
142	3245	1
142	3478	1
142	3616	1
142	3813	1
142	3851	1
142	3904	1
142	4009	1
142	4048	1
142	514	1
143	1065	1
143	1126	1
143	1448	1
143	2020	1
143	2282	1
143	3071	1
143	3181	1
143	3303	1
143	3323	1
143	3450	1
143	3617	1
143	3660	1
143	3696	1
143	3697	1
143	3738	1
143	3770	1
143	3904	1
143	493	1
143	5530	1
143	830	1
143	962	1
144	1920	1
144	257	1
144	2646	1
144	266	1
144	2701	1
144	2951	1
144	3202	1
144	3704	1
144	3754	1
144	3794	1
144	3898	1
144	3898	1
144	4172	1
144	548	1
144	591	1
144	619	1
145	1530	1
145	212	1
145	2400	1
145	2806	1
145	2996	1
145	3820	1
145	3963	1
145	4140	1
145	603	1
145	716	1
145	761	1
145	925	1
146	1189	1
146	1228	1
146	1938	1
146	2527	1
146	3758	1
146	3763	1
146	397	1
146	4039	1
146	4113	1
146	477	1
146	487	1
146	5213	1
146	610	1
146	966	1
146	980	1
147	1232	1
147	1897	1
147	2240	1
147	2526	1
147	2543	1
147	2551	1
147	3229	1
147	3233	1
147	3360	1
147	351	1
147	3731	1
147	3848	1
147	3878	1
147	3923	1
147	4264	1
147	4423	1
147	46	1
147	5542	1
147	699	1
147	719	1
147	995	1
148	1247	1
148	1851	1
148	2087	1
148	2139	1
148	2784	1
148	2966	1
148	3775	1
148	4405	1
148	948	1
149	1107	1
149	1155	1
149	1266	1
149	2383	1
149	258	1
149	2994	1
149	3211	1
149	3536	1
149	3589	1
149	3784	1
149	3854	1
149	3934	1
149	3994	1
149	5114	1
149	582	1
150	168	1
150	1702	1
150	3651	1
150	4573	1
150	850	1
151	1450	1
151	1816	1
151	343	1
152	1224	1
152	1289	1
152	1316	1
152	1385	1
152	1398	1
152	2800	1
152	3865	1
152	389	1
152	784	1
152	847	1
153	1007	1
153	1298	1
153	1711	1
153	1991	1
153	204	1
153	2143	1
153	2170	1
153	286	1
153	5156	1
154	1040	1
154	1180	1
154	1435	1
154	1536	1
154	1712	1
154	2160	1
154	2544	1
154	2573	1
154	3819	1
154	5128	1
155	1626	1
155	1630	1
155	2706	1
155	473	1
155	598	1
157	1755	1
157	2154	1
157	647	1
158	3252	1
158	4119	1
158	44	1
158	4471	1
158	5951	1
158	600	1
158	632	1
159	1384	1
159	322	1
159	4248	1
159	729	1
160	3481	1
160	3679	1
160	42	1
160	779	1
160	789	1
160	881	1
161	5806	1
162	4152	1
162	5821	1
163	1423	1
163	1826	1
163	2853	1
163	512	1
163	667	1
163	732	1
164	1256	1
164	1306	1
164	1409	1
164	1588	1
164	3238	1
164	3733	1
165	1331	1
165	1488	1
166	1379	1
166	1389	1
166	1709	1
166	3304	1
166	649	1
167	2878	1
167	3016	1
168	1683	1
169	2743	1
169	3068	1
169	4635	1
169	4694	1
169	5793	1
170	1653	1
170	1863	1
170	657	1
170	671	1
171	1477	1
171	2304	1
171	3773	1
171	3939	1
172	3910	1
172	546	1
173	1570	1
173	1965	1
173	321	1
173	3378	1
173	3771	1
173	4029	1
173	5334	1
175	1550	1
175	190	1
175	2427	1
175	3999	1
175	475	1
175	6870	1
176	2296	1
176	2947	1
176	3452	1
176	4181	1
177	1593	1
177	1709	1
177	4481	1
177	558	1
178	1109	1
178	3240	1
178	3570	1
178	3646	1
178	4384	1
179	2435	1
180	8842	1
181	1337	1
181	3321	1
181	341	1
181	3654	1
182	5811	1
183	1344	1
183	220	1
183	2979	1
183	3471	1
183	3580	1
183	5675	1
183	8123	1
183	980	1
184	1370	1
184	1910	1
184	2953	1
184	347	1
184	4219	1
184	4263	1
185	347	1
185	660	1
186	1138	1
186	1568	1
186	3008	1
186	3749	1
186	375	1
186	485	1
186	553	1
186	734	1
186	822	1
187	186	1
187	2027	1
187	2328	1
187	291	1
187	328	1
187	4717	1
187	656	1
187	723	1
188	1018	1
188	2716	1
188	3583	1
188	3971	1
189	1035	1
189	1150	1
189	2002	1
189	2549	1
189	2747	1
189	3195	1
189	4054	1
189	4130	1
189	464	1
189	566	1
189	652	1
189	707	1
189	722	1
189	798	1
189	806	1
190	1555	1
190	384	1
190	4172	1
190	5079	1
190	9757	1
191	2531	1
191	271	1
191	3767	1
192	1434	1
192	3261	1
192	3686	1
192	4280	1
192	4282	1
194	2833	1
194	3395	1
194	4101	1
194	708	1
194	789	1
195	1956	1
195	6584	1
196	3575	1
196	546	1
197	1154	1
197	1714	1
197	3061	1
197	3096	1
197	3600	1
197	426	1
197	4535	1
197	4813	1
197	600	1
198	2319	1
198	3954	1
198	4360	1
199	2492	1
199	2568	1
200	2996	1
200	5004	1
201	4660	1
202	1118	1
202	1684	1
202	3381	1
202	3620	1
202	4260	1
202	696	1
204	1612	1
204	3162	1
204	3455	1
205	1598	1
205	240	1
205	3306	1
206	1107	1
206	3035	1
206	3875	1
206	425	1
206	639	1
207	2458	1
207	2876	1
207	4519	1
211	4073	1
212	1731	1
212	3962	1
212	4019	1
212	960	1
213	3018	1
213	3411	1
213	3861	1
213	3991	1
213	4166	1
214	1227	1
214	4164	1
214	5069	1
215	3779	1
216	5726	1
217	140	1
217	616	1
218	1969	1
218	3836	1
219	8670	1
220	1156	1
220	1471	1
220	2883	1
220	3476	1
221	650	1
222	2672	1
222	3552	1
223	411	1
224	272	1
225	1015	1
225	3947	1
226	2455	1
228	3195	1
229	3649	1
230	1716	1
231	2495	1
231	2931	1
231	436	1
231	5638	1
231	6399	1
232	2026	1
232	2777	1
233	1658	1
233	2833	1
233	3719	1
234	573	1
234	71	1
235	234	1
235	5443	1
235	6152	1
236	2968	1
236	3189	1
236	3710	1
236	3803	1
236	4724	1
236	4944	1
237	1610	1
237	164	1
237	2270	1
237	3264	1
237	3953	1
237	4060	1
237	4826	1
237	5136	1
238	1047	1
238	1408	1
238	1438	1
238	1721	1
238	1757	1
238	1760	1
238	1812	1
238	2003	1
238	2203	1
238	2322	1
238	3246	1
238	3305	1
238	3589	1
238	3760	1
238	3812	1
238	4932	1
238	782	1
239	1234	1
239	1622	1
239	178	1
239	1968	1
239	3500	1
239	357	1
239	465	1
239	622	1
239	830	1
240	1050	1
240	1890	1
240	3451	1
240	3629	1
240	3691	1
240	474	1
240	5019	1
241	1035	1
241	1129	1
241	3497	1
241	3677	1
241	5069	1
241	5126	1
241	877	1
242	1087	1
242	1164	1
242	1307	1
242	1731	1
242	2238	1
242	2883	1
242	3520	1
242	3763	1
242	3772	1
242	4302	1
243	1026	1
243	1054	1
243	1214	1
243	1418	1
243	1722	1
243	1776	1
243	1955	1
243	2195	1
243	2601	1
243	2795	1
243	3033	1
243	338	1
243	3636	1
243	3641	1
243	3898	1
243	3931	1
243	741	1
244	1056	1
244	1168	1
244	1480	1
244	1494	1
244	1585	1
244	1981	1
244	2776	1
244	2803	1
244	3096	1
244	3493	1
244	3555	1
244	3716	1
244	3833	1
244	3856	1
244	4517	1
244	4870	1
244	4960	1
244	564	1
244	682	1
245	1019	1
245	1746	1
245	2433	1
245	2587	1
245	3038	1
245	3372	1
245	3394	1
245	3497	1
245	3620	1
245	397	1
245	4044	1
245	4629	1
245	867	1
246	1616	1
246	2802	1
246	2987	1
246	312	1
246	3667	1
246	3776	1
246	3793	1
246	4100	1
246	4144	1
246	4886	1
246	5190	1
246	898	1
246	969	1
247	1525	1
247	1948	1
247	2186	1
247	3201	1
247	3798	1
247	3963	1
247	4770	1
247	503	1
247	699	1
248	164	1
248	2803	1
248	3050	1
248	3433	1
248	348	1
248	3667	1
248	3788	1
248	4320	1
248	5588	1
248	577	1
248	788	1
248	844	1
249	1273	1
249	2182	1
249	3080	1
249	3356	1
249	3557	1
249	3738	1
250	1026	1
250	1305	1
250	3873	1
250	4086	1
251	1110	1
251	1288	1
251	2491	1
251	2547	1
252	1142	1
252	3792	1
253	3708	1
254	2724	1
254	3933	1
254	509	1
254	871	1
255	266	1
255	2945	1
255	3127	1
255	3862	1
255	4344	1
256	1884	1
256	1901	1
256	2014	1
256	2992	1
256	3544	1
256	3851	1
256	3898	1
256	3930	1
257	1855	1
257	3746	1
257	4953	1
257	586	1
258	135	1
258	2285	1
258	708	1
260	1226	1
261	3333	1
261	3446	1
261	3586	1
261	3635	1
261	3918	1
261	4348	1
262	3649	1
262	3686	1
263	1706	1
263	2713	1
263	2879	1
263	3745	1
263	3785	1
263	3890	1
264	1521	1
264	2629	1
264	3774	1
264	5071	1
264	975	1
266	1096	1
266	1637	1
266	1685	1
268	2527	1
268	3207	1
269	1696	1
269	286	1
273	1933	1
274	1569	1
274	1631	1
276	5490	1
277	5316	1
278	1670	1
278	877	1
279	1086	1
279	1950	1
279	3816	1
280	4375	1
281	2708	1
281	3786	1
281	4453	1
282	1295	1
282	1989	1
282	3643	1
283	1346	1
283	4333	1
284	3448	1
285	2552	1
285	4144	1
286	1049	1
286	118	1
286	1288	1
286	1501	1
286	16	1
286	162	1
286	1663	1
286	1886	1
286	20	1
286	2014	1
286	204	1
286	2129	1
286	2402	1
286	259	1
286	2591	1
286	2738	1
286	2810	1
286	3108	1
286	314	1
286	3142	1
286	3294	1
286	3583	1
286	3617	1
286	3646	1
286	3666	1
286	3688	1
286	3752	1
286	3764	1
286	3831	1
286	3833	1
286	3974	1
286	4086	1
286	4124	1
286	432	1
286	448	1
286	4551	1
286	4983	1
286	552	1
286	626	1
286	698	1
286	766	1
287	1011	1
287	111	1
287	1125	1
287	1147	1
287	1162	1
287	1185	1
287	1254	1
287	1294	1
287	131	1
287	1331	1
287	1377	1
287	1470	1
287	1604	1
287	1745	1
287	1782	1
287	1800	1
287	1826	1
287	1913	1
287	1946	1
287	2031	1
287	205	1
287	2068	1
287	2089	1
287	21	1
287	21	1
287	2113	1
287	2136	1
287	2235	1
287	2253	1
287	2352	1
287	2355	1
287	2373	1
287	24	1
287	2568	1
287	2573	1
287	2710	1
287	2750	1
287	287	1
287	2876	1
287	293	1
287	2965	1
287	3048	1
287	3215	1
287	3264	1
287	3274	1
287	3484	1
287	3499	1
287	3552	1
287	3619	1
287	362	1
287	3625	1
287	3702	1
287	3712	1
287	3765	1
287	3787	1
287	379	1
287	3806	1
287	3812	1
287	3882	1
287	3887	1
287	3901	1
287	3903	1
287	3948	1
287	3970	1
287	4049	1
287	4104	1
287	4126	1
287	4147	1
287	4262	1
287	451	1
287	4520	1
287	462	1
287	4781	1
287	4963	1
287	518	1
287	550	1
287	567	1
287	595	1
287	6362	1
287	639	1
287	804	1
287	961	1
287	970	1
287	971	1
287	999	1
288	1006	1
288	1013	1
288	1033	1
288	1142	1
288	1143	1
288	116	1
288	1218	1
288	1264	1
288	1288	1
288	1299	1
288	1303	1
288	1324	1
288	136	1
288	1389	1
288	1397	1
288	144	1
288	1456	1
288	1461	1
288	1541	1
288	1556	1
288	1557	1
288	160	1
288	16	1
288	16	1
288	1625	1
288	1737	1
288	176	1
288	195	1
288	1991	1
288	20	1
288	2211	1
288	2248	1
288	2266	1
288	2337	1
288	2421	1
288	2562	1
288	2585	1
288	266	1
288	2679	1
288	276	1
288	2775	1
288	284	1
288	2854	1
288	2857	1
288	2876	1
288	2978	1
288	31	1
288	311	1
288	3173	1
288	3198	1
288	32	1
288	324	1
288	33	1
288	3320	1
288	3393	1
288	3405	1
288	34	1
288	3433	1
288	348	1
288	3486	1
288	3487	1
288	3516	1
288	3528	1
288	3576	1
288	3586	1
288	3592	1
288	3606	1
288	3608	1
288	3618	1
288	3635	1
288	3649	1
288	3658	1
288	3667	1
288	3695	1
288	3717	1
288	3737	1
288	3773	1
288	3788	1
288	3792	1
288	38	1
288	3810	1
288	3825	1
288	3924	1
288	3939	1
288	3947	1
288	398	1
288	3986	1
288	4024	1
288	4070	1
288	412	1
288	413	1
288	418	1
288	423	1
288	4304	1
288	4342	1
288	438	1
288	441	1
288	4775	1
288	4962	1
288	4991	1
288	5005	1
288	5008	1
288	5068	1
288	5110	1
288	512	1
288	517	1
288	5289	1
288	5419	1
288	55	1
288	578	1
288	583	1
288	596	1
288	612	1
288	674	1
288	678	1
288	684	1
288	685	1
288	696	1
288	730	1
288	754	1
288	771	1
288	789	1
288	818	1
288	950	1
288	968	1
288	991	1
289	1046	1
289	1050	1
289	1123	1
289	1155	1
289	1224	1
289	1275	1
289	134	1
289	137	1
289	1377	1
289	138	1
289	1425	1
289	1492	1
289	1513	1
289	1526	1
289	1535	1
289	1587	1
289	16	1
289	16	1
289	1646	1
289	1667	1
289	17	1
289	175	1
289	1773	1
289	1801	1
289	1814	1
289	1824	1
289	1838	1
289	1859	1
289	190	1
289	1987	1
289	2000	1
289	2029	1
289	2089	1
289	2124	1
289	221	1
289	230	1
289	2310	1
289	2500	1
289	2508	1
289	25	1
289	25	1
289	25	1
289	2563	1
289	2640	1
289	2656	1
289	270	1
289	2741	1
289	2887	1
289	2918	1
289	3293	1
289	3297	1
289	33	1
289	3362	1
289	3499	1
289	3518	1
289	3542	1
289	3549	1
289	3552	1
289	3605	1
289	3617	1
289	3620	1
289	3647	1
289	3664	1
289	3676	1
289	3725	1
289	3894	1
289	391	1
289	3979	1
289	398	1
289	4035	1
289	4059	1
289	4101	1
289	4122	1
289	431	1
289	435	1
289	4402	1
289	458	1
289	459	1
289	461	1
289	483	1
289	4869	1
289	4941	1
289	498	1
289	5057	1
289	51	1
289	5113	1
289	512	1
289	52	1
289	543	1
289	569	1
289	588	1
289	591	1
289	596	1
289	620	1
289	667	1
289	746	1
289	773	1
289	811	1
289	852	1
289	874	1
289	93	1
289	976	1
290	1038	1
290	1092	1
290	1119	1
290	1121	1
290	1174	1
290	1175	1
290	1175	1
290	1191	1
290	1220	1
290	123	1
290	1248	1
290	1249	1
290	1266	1
290	1323	1
290	1355	1
290	136	1
290	1377	1
290	1385	1
290	1446	1
290	1461	1
290	1464	1
290	1504	1
290	1505	1
290	15	1
290	1517	1
290	1628	1
290	17	1
290	17	1
290	17	1
290	172	1
290	1726	1
290	174	1
290	1776	1
290	18	1
290	1850	1
290	1851	1
290	1883	1
290	1906	1
290	194	1
290	2033	1
290	2043	1
290	2072	1
290	2130	1
290	216	1
290	219	1
290	227	1
290	2332	1
290	2400	1
290	2405	1
290	241	1
290	2432	1
290	2500	1
290	2509	1
290	25	1
290	25	1
290	25	1
290	2514	1
290	2548	1
290	2565	1
290	2603	1
290	2603	1
290	262	1
290	2646	1
290	2681	1
290	2694	1
290	2712	1
290	2766	1
290	2777	1
290	2964	1
290	3009	1
290	305	1
290	3051	1
290	3056	1
290	3058	1
290	317	1
290	318	1
290	3200	1
290	324	1
290	3308	1
290	331	1
290	3348	1
290	335	1
290	3373	1
290	3374	1
290	3424	1
290	3439	1
290	3450	1
290	3469	1
290	3471	1
290	3527	1
290	3538	1
290	3541	1
290	357	1
290	3578	1
290	3581	1
290	3591	1
290	3591	1
290	3626	1
290	3677	1
290	3678	1
290	371	1
290	3743	1
290	3753	1
290	3760	1
290	3766	1
290	3771	1
290	380	1
290	38	1
290	385	1
290	3880	1
290	391	1
290	3914	1
290	3917	1
290	3929	1
290	3941	1
290	3958	1
290	3982	1
290	4053	1
290	4080	1
290	4081	1
290	4104	1
290	4128	1
290	421	1
290	425	1
290	426	1
290	4358	1
290	4425	1
290	4445	1
290	4547	1
290	4650	1
290	4723	1
290	4888	1
290	5008	1
290	52	1
290	5428	1
290	545	1
290	55	1
290	5549	1
290	5685	1
290	5708	1
290	587	1
290	60	1
290	604	1
290	631	1
290	65	1
290	652	1
290	710	1
290	733	1
290	757	1
290	76	1
290	785	1
290	842	1
290	845	1
290	896	1
290	905	1
290	931	1
290	958	1
291	103	1
291	1031	1
291	1036	1
291	1050	1
291	107	1
291	1086	1
291	1088	1
291	1108	1
291	1117	1
291	1146	1
291	115	1
291	1152	1
291	1157	1
291	1164	1
291	1180	1
291	1197	1
291	1235	1
291	1259	1
291	1360	1
291	1369	1
291	1372	1
291	1398	1
291	141	1
291	1427	1
291	1453	1
291	1496	1
291	15	1
291	15	1
291	1511	1
291	1519	1
291	154	1
291	1573	1
291	1600	1
291	1612	1
291	164	1
291	1664	1
291	1695	1
291	1699	1
291	1703	1
291	1726	1
291	1727	1
291	1800	1
291	1824	1
291	1829	1
291	1833	1
291	185	1
291	1864	1
291	1890	1
291	1895	1
291	1909	1
291	1947	1
291	1975	1
291	1988	1
291	202	1
291	203	1
291	205	1
291	2067	1
291	212	1
291	2123	1
291	2126	1
291	2131	1
291	215	1
291	2157	1
291	2161	1
291	2170	1
291	2189	1
291	220	1
291	2216	1
291	2221	1
291	2256	1
291	2287	1
291	2359	1
291	2372	1
291	2388	1
291	24	1
291	2442	1
291	2448	1
291	2482	1
291	25	1
291	25	1
291	252	1
291	2532	1
291	2538	1
291	2575	1
291	2582	1
291	2589	1
291	2592	1
291	2632	1
291	264	1
291	2656	1
291	269	1
291	2709	1
291	27	1
291	2710	1
291	2712	1
291	2712	1
291	2720	1
291	2721	1
291	2754	1
291	2762	1
291	2762	1
291	2777	1
291	2800	1
291	2853	1
291	2863	1
291	2897	1
291	2905	1
291	2934	1
291	2944	1
291	2949	1
291	2977	1
291	2994	1
291	301	1
291	3020	1
291	3025	1
291	3037	1
291	3043	1
291	3068	1
291	3077	1
291	3252	1
291	3261	1
291	3339	1
291	3353	1
291	3359	1
291	3360	1
291	3399	1
291	340	1
291	342	1
291	3430	1
291	3445	1
291	3462	1
291	3480	1
291	3510	1
291	3517	1
291	3540	1
291	3561	1
291	3574	1
291	3576	1
291	3584	1
291	3594	1
291	3600	1
291	36	1
291	3636	1
291	364	1
291	3645	1
291	3660	1
291	3664	1
291	368	1
291	3702	1
291	3732	1
291	3757	1
291	3761	1
291	3775	1
291	3809	1
291	3823	1
291	3842	1
291	3856	1
291	3875	1
291	3881	1
291	3908	1
291	3910	1
291	3913	1
291	3922	1
291	3929	1
291	397	1
291	3986	1
291	4050	1
291	4065	1
291	4093	1
291	4129	1
291	4161	1
291	4196	1
291	4206	1
291	4243	1
291	4254	1
291	4256	1
291	4268	1
291	433	1
291	4369	1
291	4500	1
291	4565	1
291	460	1
291	461	1
291	4667	1
291	4670	1
291	4690	1
291	4801	1
291	4872	1
291	4990	1
291	500	1
291	509	1
291	5149	1
291	516	1
291	526	1
291	529	1
291	531	1
291	535	1
291	542	1
291	5688	1
291	57	1
291	5838	1
291	588	1
291	590	1
291	596	1
291	631	1
291	640	1
291	691	1
291	700	1
291	703	1
291	759	1
291	809	1
291	809	1
291	810	1
291	834	1
291	844	1
291	86	1
291	874	1
291	886	1
291	904	1
291	916	1
291	925	1
291	933	1
291	941	1
291	959	1
291	974	1
291	989	1
291	992	1
292	1036	1
292	1041	1
292	1042	1
292	1052	1
292	1061	1
292	1063	1
292	1069	1
292	1083	1
292	1088	1
292	1143	1
292	1152	1
292	1191	1
292	120	1
292	12	1
292	12	1
292	12	1
292	1231	1
292	1236	1
292	1246	1
292	1257	1
292	1308	1
292	13	1
292	13	1
292	132	1
292	1343	1
292	1344	1
292	1349	1
292	135	1
292	14	1
292	1428	1
292	1509	1
292	1565	1
292	1565	1
292	1619	1
292	1619	1
292	1674	1
292	1681	1
292	1691	1
292	1699	1
292	1705	1
292	1724	1
292	1728	1
292	1745	1
292	175	1
292	1755	1
292	1766	1
292	177	1
292	1771	1
292	1781	1
292	1783	1
292	1842	1
292	186	1
292	1972	1
292	1973	1
292	1981	1
292	1990	1
292	2000	1
292	20	1
292	202	1
292	2022	1
292	204	1
292	2047	1
292	2078	1
292	2096	1
292	210	1
292	2106	1
292	2160	1
292	2181	1
292	2193	1
292	221	1
292	2329	1
292	2358	1
292	2412	1
292	2422	1
292	243	1
292	245	1
292	2454	1
292	2463	1
292	2470	1
292	2481	1
292	2492	1
292	2495	1
292	25	1
292	2510	1
292	2588	1
292	2618	1
292	2635	1
292	2702	1
292	2715	1
292	2762	1
292	2795	1
292	2796	1
292	2800	1
292	2808	1
292	2829	1
292	2836	1
292	2839	1
292	2851	1
292	2857	1
292	2904	1
292	2914	1
292	2998	1
292	3026	1
292	305	1
292	3107	1
292	3126	1
292	313	1
292	3173	1
292	322	1
292	322	1
292	3264	1
292	3411	1
292	344	1
292	3507	1
292	3529	1
292	3534	1
292	3568	1
292	3569	1
292	3570	1
292	3573	1
292	3574	1
292	3596	1
292	3597	1
292	3603	1
292	36	1
292	3619	1
292	362	1
292	3628	1
292	3648	1
292	3656	1
292	3670	1
292	3691	1
292	3694	1
292	3704	1
292	3722	1
292	3727	1
292	3746	1
292	3747	1
292	3753	1
292	3753	1
292	3768	1
292	3785	1
292	3804	1
292	3811	1
292	3825	1
292	3830	1
292	3831	1
292	3855	1
292	3862	1
292	387	1
292	3902	1
292	3904	1
292	3945	1
292	3953	1
292	3965	1
292	398	1
292	3995	1
292	3999	1
292	403	1
292	4073	1
292	4075	1
292	4091	1
292	4144	1
292	4164	1
292	4182	1
292	4234	1
292	4265	1
292	4291	1
292	4351	1
292	4366	1
292	4413	1
292	4428	1
292	4432	1
292	4460	1
292	4547	1
292	466	1
292	4841	1
292	496	1
292	4980	1
292	5025	1
292	510	1
292	517	1
292	5216	1
292	5225	1
292	524	1
292	533	1
292	5354	1
292	539	1
292	542	1
292	5507	1
292	551	1
292	552	1
292	559	1
292	5719	1
292	5755	1
292	579	1
292	5792	1
292	584	1
292	5867	1
292	594	1
292	5973	1
292	6016	1
292	615	1
292	616	1
292	646	1
292	655	1
292	659	1
292	659	1
292	682	1
292	706	1
292	730	1
292	732	1
292	742	1
292	749	1
292	752	1
292	756	1
292	776	1
292	777	1
292	801	1
292	841	1
292	856	1
292	862	1
292	864	1
292	871	1
292	880	1
292	890	1
292	907	1
292	9	1
292	982	1
292	988	1
293	1002	1
293	1011	1
293	1040	1
293	1061	1
293	1093	1
293	1100	1
293	1141	1
293	1170	1
293	118	1
293	1185	1
293	1214	1
293	1231	1
293	1232	1
293	1240	1
293	1263	1
293	1297	1
293	1303	1
293	1318	1
293	1322	1
293	1323	1
293	1328	1
293	1362	1
293	1379	1
293	1385	1
293	1395	1
293	1405	1
293	1431	1
293	145	1
293	1479	1
293	1482	1
293	15	1
293	15	1
293	1545	1
293	1547	1
293	1549	1
293	1583	1
293	1620	1
293	163	1
293	1656	1
293	1679	1
293	1680	1
293	1682	1
293	1683	1
293	1690	1
293	1703	1
293	1710	1
293	1745	1
293	1752	1
293	1757	1
293	178	1
293	1784	1
293	180	1
293	183	1
293	1837	1
293	1860	1
293	1976	1
293	202	1
293	2021	1
293	203	1
293	2039	1
293	2074	1
293	2090	1
293	2120	1
293	2148	1
293	221	1
293	221	1
293	2220	1
293	222	1
293	2243	1
293	2255	1
293	226	1
293	2283	1
293	230	1
293	2303	1
293	2382	1
293	2409	1
293	2422	1
293	2433	1
293	2514	1
293	2551	1
293	257	1
293	2573	1
293	264	1
293	2656	1
293	2668	1
293	2673	1
293	2677	1
293	2703	1
293	2727	1
293	2745	1
293	2820	1
293	2832	1
293	2861	1
293	2883	1
293	2996	1
293	3029	1
293	3043	1
293	305	1
293	3076	1
293	3087	1
293	3097	1
293	311	1
293	313	1
293	3153	1
293	3178	1
293	319	1
293	32	1
293	325	1
293	3262	1
293	327	1
293	338	1
293	3382	1
293	3445	1
293	3465	1
293	3480	1
293	3489	1
293	3532	1
293	3545	1
293	36	1
293	36	1
293	3614	1
293	3629	1
293	3632	1
293	3638	1
293	364	1
293	3661	1
293	3673	1
293	3684	1
293	3688	1
293	3690	1
293	3693	1
293	3703	1
293	3725	1
293	3744	1
293	3771	1
293	3808	1
293	3823	1
293	3829	1
293	3849	1
293	3865	1
293	3935	1
293	394	1
293	3941	1
293	408	1
293	4152	1
293	4189	1
293	419	1
293	426	1
293	4300	1
293	4308	1
293	4311	1
293	4336	1
293	447	1
293	447	1
293	4487	1
293	4488	1
293	4490	1
293	45	1
293	452	1
293	4667	1
293	4701	1
293	47	1
293	4834	1
293	484	1
293	4895	1
293	497	1
293	499	1
293	5001	1
293	520	1
293	5237	1
293	528	1
293	5402	1
293	5556	1
293	5632	1
293	564	1
293	5763	1
293	5947	1
293	626	1
293	644	1
293	647	1
293	655	1
293	666	1
293	671	1
293	708	1
293	755	1
293	758	1
293	811	1
293	825	1
293	835	1
293	858	1
293	860	1
293	876	1
293	880	1
293	883	1
293	9	1
293	9	1
293	958	1
293	978	1
293	994	1
294	1009	1
294	1011	1
294	1013	1
294	1016	1
294	1019	1
294	1044	1
294	1110	1
294	1116	1
294	1124	1
294	1126	1
294	1139	1
294	1205	1
294	1237	1
294	1245	1
294	1252	1
294	1258	1
294	1267	1
294	1284	1
294	1294	1
294	1299	1
294	1305	1
294	1371	1
294	1387	1
294	141	1
294	1432	1
294	144	1
294	146	1
294	1481	1
294	1483	1
294	1503	1
294	1504	1
294	1563	1
294	1572	1
294	1621	1
294	1622	1
294	1699	1
294	1700	1
294	1755	1
294	1762	1
294	1778	1
294	1787	1
294	1793	1
294	182	1
294	1832	1
294	1855	1
294	1858	1
294	1860	1
294	1922	1
294	1929	1
294	1966	1
294	2000	1
294	201	1
294	206	1
294	2065	1
294	207	1
294	2123	1
294	213	1
294	2206	1
294	2228	1
294	223	1
294	2253	1
294	2254	1
294	2255	1
294	2271	1
294	234	1
294	2356	1
294	2360	1
294	2388	1
294	24	1
294	2430	1
294	2446	1
294	2460	1
294	2462	1
294	2492	1
294	256	1
294	2564	1
294	258	1
294	259	1
294	2596	1
294	2685	1
294	2699	1
294	2736	1
294	2738	1
294	290	1
294	2943	1
294	2967	1
294	2978	1
294	3069	1
294	307	1
294	3088	1
294	3150	1
294	317	1
294	3183	1
294	32	1
294	3215	1
294	3216	1
294	3217	1
294	3217	1
294	331	1
294	3311	1
294	3375	1
294	3421	1
294	3428	1
294	3431	1
294	3435	1
294	3469	1
294	3473	1
294	3476	1
294	3495	1
294	3496	1
294	350	1
294	352	1
294	3541	1
294	3570	1
294	3571	1
294	3583	1
294	3589	1
294	3619	1
294	3629	1
294	363	1
294	364	1
294	364	1
294	3642	1
294	3642	1
294	3645	1
294	3648	1
294	3666	1
294	3674	1
294	3683	1
294	3685	1
294	3710	1
294	3712	1
294	3733	1
294	3767	1
294	3772	1
294	3778	1
294	3779	1
294	3783	1
294	3784	1
294	3865	1
294	3892	1
294	3933	1
294	3942	1
294	3948	1
294	4145	1
294	4179	1
294	4184	1
294	4186	1
294	4200	1
294	4243	1
294	4249	1
294	4287	1
294	4334	1
294	434	1
294	435	1
294	437	1
294	4377	1
294	4408	1
294	441	1
294	4452	1
294	4456	1
294	4499	1
294	455	1
294	4579	1
294	46	1
294	462	1
294	4625	1
294	4668	1
294	4696	1
294	4729	1
294	4887	1
294	4926	1
294	4977	1
294	5055	1
294	5055	1
294	5123	1
294	525	1
294	558	1
294	5811	1
294	594	1
294	596	1
294	641	1
294	650	1
294	653	1
294	677	1
294	690	1
294	699	1
294	700	1
294	702	1
294	710	1
294	714	1
294	719	1
294	7262	1
294	736	1
294	740	1
294	761	1
294	796	1
294	802	1
294	813	1
294	816	1
294	830	1
294	832	1
294	840	1
294	859	1
294	86	1
294	863	1
294	864	1
294	867	1
294	890	1
294	912	1
294	918	1
294	94	1
294	950	1
294	961	1
294	985	1
295	1001	1
295	1029	1
295	1042	1
295	1055	1
295	1077	1
295	1088	1
295	1093	1
295	1098	1
295	1101	1
295	1103	1
295	112	1
295	1122	1
295	1133	1
295	1190	1
295	1192	1
295	1201	1
295	1201	1
295	1210	1
295	1258	1
295	1265	1
295	1268	1
295	1272	1
295	1272	1
295	1284	1
295	1301	1
295	1328	1
295	1348	1
295	135	1
295	1395	1
295	1412	1
295	1417	1
295	1469	1
295	147	1
295	1475	1
295	1509	1
295	1525	1
295	1533	1
295	1546	1
295	1569	1
295	1588	1
295	162	1
295	1627	1
295	16345	1
295	164	1
295	1668	1
295	1671	1
295	1701	1
295	174	1
295	1760	1
295	1765	1
295	1768	1
295	178	1
295	1799	1
295	1820	1
295	182	1
295	1835	1
295	1904	1
295	1954	1
295	1973	1
295	2003	1
295	2015	1
295	2033	1
295	205	1
295	2054	1
295	208	1
295	210	1
295	211	1
295	212	1
295	212	1
295	2121	1
295	2134	1
295	214	1
295	2148	1
295	2152	1
295	219	1
295	221	1
295	223	1
295	223	1
295	2242	1
295	2254	1
295	2322	1
295	2335	1
295	2367	1
295	2409	1
295	241	1
295	242	1
295	2425	1
295	2437	1
295	2474	1
295	2499	1
295	2505	1
295	2517	1
295	2578	1
295	2588	1
295	2592	1
295	262	1
295	2628	1
295	2630	1
295	2670	1
295	2699	1
295	2786	1
295	2809	1
295	2852	1
295	2861	1
295	291	1
295	2927	1
295	2965	1
295	2977	1
295	299	1
295	299	1
295	3014	1
295	3055	1
295	308	1
295	3101	1
295	311	1
295	3161	1
295	318	1
295	3197	1
295	320	1
295	3285	1
295	3306	1
295	3316	1
295	338	1
295	341	1
295	3415	1
295	3507	1
295	3524	1
295	3545	1
295	3566	1
295	3604	1
295	36	1
295	3617	1
295	3622	1
295	3631	1
295	3634	1
295	3634	1
295	3640	1
295	3648	1
295	3652	1
295	3734	1
295	3747	1
295	3767	1
295	3818	1
295	3832	1
295	3852	1
295	3868	1
295	3874	1
295	3913	1
295	3979	1
295	403	1
295	408	1
295	4090	1
295	410	1
295	4129	1
295	4169	1
295	4257	1
295	428	1
295	4393	1
295	44	1
295	446	1
295	4463	1
295	459	1
295	460	1
295	4638	1
295	4725	1
295	4747	1
295	4836	1
295	4940	1
295	4997	1
295	506	1
295	5066	1
295	5102	1
295	514	1
295	5175	1
295	52	1
295	537	1
295	537	1
295	55	1
295	5525	1
295	555	1
295	5562	1
295	5720	1
295	5727	1
295	574	1
295	585	1
295	595	1
295	611	1
295	625	1
295	631	1
295	667	1
295	673	1
295	705	1
295	728	1
295	764	1
295	764	1
295	771	1
295	772	1
295	792	1
295	821	1
295	831	1
295	834	1
295	84	1
295	890	1
295	9	1
295	971	1
296	1013	1
296	1034	1
296	1038	1
296	1042	1
296	1047	1
296	1054	1
296	1063	1
296	1069	1
296	1086	1
296	1097	1
296	1107	1
296	1112	1
296	1185	1
296	119	1
296	1231	1
296	1238	1
296	1263	1
296	133	1
296	1350	1
296	1352	1
296	136	1
296	1370	1
296	1386	1
296	1407	1
296	1412	1
296	1416	1
296	1439	1
296	150	1
296	1507	1
296	151	1
296	1523	1
296	156	1
296	1580	1
296	1582	1
296	159	1
296	1595	1
296	1603	1
296	164	1
296	1645	1
296	1697	1
296	172	1
296	1779	1
296	178	1
296	1791	1
296	1825	1
296	1849	1
296	1854	1
296	1877	1
296	1879	1
296	1896	1
296	192	1
296	1923	1
296	193	1
296	1939	1
296	194	1
296	1946	1
296	2007	1
296	2010	1
296	201	1
296	2019	1
296	202	1
296	203	1
296	204	1
296	2068	1
296	2110	1
296	214	1
296	215	1
296	218	1
296	2188	1
296	2242	1
296	2251	1
296	2273	1
296	2286	1
296	2317	1
296	2322	1
296	233	1
296	2332	1
296	241	1
296	2425	1
296	2438	1
296	2447	1
296	2476	1
296	2511	1
296	2554	1
296	2568	1
296	260	1
296	2621	1
296	2657	1
296	2661	1
296	2663	1
296	2746	1
296	2839	1
296	290	1
296	2910	1
296	296	1
296	3135	1
296	316	1
296	319	1
296	320	1
296	321	1
296	3228	1
296	3231	1
296	3343	1
296	3387	1
296	3412	1
296	3415	1
296	3423	1
296	3425	1
296	3428	1
296	343	1
296	3488	1
296	3514	1
296	3520	1
296	3544	1
296	3568	1
296	357	1
296	3571	1
296	359	1
296	3619	1
296	3625	1
296	367	1
296	3739	1
296	3742	1
296	3760	1
296	3782	1
296	3787	1
296	3801	1
296	3807	1
296	3845	1
296	3859	1
296	3861	1
296	3896	1
296	3899	1
296	3902	1
296	3909	1
296	3918	1
296	3925	1
296	3930	1
296	395	1
296	3991	1
296	4022	1
296	4050	1
296	4059	1
296	4061	1
296	409	1
296	41	1
296	411	1
296	4121	1
296	4124	1
296	415	1
296	4190	1
296	419	1
296	4231	1
296	4252	1
296	427	1
296	4327	1
296	4330	1
296	435	1
296	439	1
296	4469	1
296	4524	1
296	457	1
296	4605	1
296	4645	1
296	4687	1
296	4740	1
296	4749	1
296	476	1
296	4794	1
296	487	1
296	488	1
296	4956	1
296	5223	1
296	5401	1
296	562	1
296	569	1
296	585	1
296	590	1
296	591	1
296	592	1
296	596	1
296	600	1
296	6135	1
296	619	1
296	619	1
296	627	1
296	641	1
296	658	1
296	661	1
296	675	1
296	721	1
296	742	1
296	755	1
296	765	1
296	767	1
296	770	1
296	770	1
296	779	1
296	792	1
296	803	1
296	8066	1
296	839	1
296	855	1
296	873	1
296	88	1
296	934	1
296	963	1
297	1002	1
297	1092	1
297	1092	1
297	1101	1
297	1126	1
297	1146	1
297	1164	1
297	1174	1
297	1179	1
297	1180	1
297	1187	1
297	120	1
297	124	1
297	1248	1
297	1253	1
297	1259	1
297	1266	1
297	127	1
297	129	1
297	1295	1
297	1297	1
297	1311	1
297	1359	1
297	1383	1
297	1385	1
297	1388	1
297	1442	1
297	145	1
297	1474	1
297	1506	1
297	151	1
297	1570	1
297	160	1
297	1649	1
297	1689	1
297	171	1
297	1766	1
297	177	1
297	178	1
297	180	1
297	1805	1
297	1816	1
297	1822	1
297	1833	1
297	1846	1
297	186	1
297	1874	1
297	190	1
297	191	1
297	1927	1
297	195	1
297	1959	1
297	1966	1
297	2040	1
297	2089	1
297	2098	1
297	211	1
297	212	1
297	2140	1
297	215	1
297	218	1
297	2240	1
297	226	1
297	2273	1
297	2299	1
297	245	1
297	245	1
297	2468	1
297	248	1
297	2483	1
297	25	1
297	252	1
297	258	1
297	2583	1
297	2595	1
297	260	1
297	2625	1
297	2670	1
297	267	1
297	2673	1
297	271	1
297	275	1
297	278	1
297	28	1
297	281	1
297	282	1
297	2846	1
297	2847	1
297	291	1
297	2942	1
297	2987	1
297	2992	1
297	3201	1
297	3202	1
297	341	1
297	3437	1
297	3443	1
297	3512	1
297	3537	1
297	3540	1
297	3543	1
297	3557	1
297	3558	1
297	3585	1
297	3585	1
297	3590	1
297	3599	1
297	3603	1
297	3606	1
297	3643	1
297	3645	1
297	3664	1
297	3665	1
297	3696	1
297	3723	1
297	373	1
297	3733	1
297	3737	1
297	3788	1
297	3865	1
297	3871	1
297	3887	1
297	3922	1
297	4012	1
297	4055	1
297	4092	1
297	410	1
297	4126	1
297	417	1
297	4178	1
297	4180	1
297	418	1
297	4191	1
297	422	1
297	4245	1
297	4312	1
297	4353	1
297	4363	1
297	4388	1
297	444	1
297	4474	1
297	456	1
297	458	1
297	4586	1
297	4655	1
297	473	1
297	48	1
297	487	1
297	4889	1
297	489	1
297	490	1
297	4950	1
297	4998	1
297	5086	1
297	5267	1
297	531	1
297	5416	1
297	5422	1
297	5427	1
297	545	1
297	548	1
297	5561	1
297	563	1
297	5642	1
297	5666	1
297	5673	1
297	572	1
297	595	1
297	599	1
297	599	1
297	630	1
297	636	1
297	639	1
297	645	1
297	654	1
297	656	1
297	672	1
297	710	1
297	713	1
297	713	1
297	810	1
297	822	1
297	822	1
297	830	1
297	836	1
297	858	1
297	886	1
297	922	1
297	929	1
297	941	1
297	956	1
297	966	1
297	967	1
297	984	1
298	100	1
298	1082	1
298	1113	1
298	1202	1
298	1244	1
298	1272	1
298	1283	1
298	1300	1
298	1313	1
298	1330	1
298	1340	1
298	1451	1
298	1457	1
298	1464	1
298	1502	1
298	1509	1
298	1519	1
298	153	1
298	1538	1
298	1558	1
298	1568	1
298	1584	1
298	159	1
298	163	1
298	1645	1
298	168	1
298	181	1
298	1852	1
298	1864	1
298	1896	1
298	1898	1
298	1927	1
298	1962	1
298	1966	1
298	201	1
298	2016	1
298	2021	1
298	2027	1
298	208	1
298	2095	1
298	2114	1
298	2135	1
298	216	1
298	2210	1
298	221	1
298	2288	1
298	2296	1
298	2326	1
298	2344	1
298	236	1
298	2369	1
298	237	1
298	237	1
298	2404	1
298	2408	1
298	2501	1
298	2504	1
298	2535	1
298	257	1
298	2588	1
298	2593	1
298	260	1
298	2616	1
298	2639	1
298	2742	1
298	2783	1
298	290	1
298	29	1
298	3015	1
298	3157	1
298	319	1
298	326	1
298	334	1
298	3382	1
298	3450	1
298	345	1
298	3499	1
298	3519	1
298	3540	1
298	3551	1
298	3576	1
298	362	1
298	3633	1
298	3634	1
298	3638	1
298	3642	1
298	3649	1
298	3684	1
298	3733	1
298	3743	1
298	3746	1
298	377	1
298	3779	1
298	3787	1
298	3787	1
298	3825	1
298	3827	1
298	3837	1
298	3843	1
298	3866	1
298	388	1
298	3894	1
298	393	1
298	3936	1
298	3947	1
298	4046	1
298	4067	1
298	4075	1
298	4124	1
298	4135	1
298	4200	1
298	431	1
298	431	1
298	4404	1
298	441	1
298	4422	1
298	451	1
298	4629	1
298	4669	1
298	4696	1
298	472	1
298	474	1
298	477	1
298	515	1
298	5182	1
298	561	1
298	5659	1
298	567	1
298	641	1
298	657	1
298	669	1
298	669	1
298	689	1
298	696	1
298	7218	1
298	768	1
298	769	1
298	793	1
298	806	1
298	814	1
298	838	1
298	873	1
298	907	1
298	982	1
298	993	1
299	1006	1
299	1036	1
299	1060	1
299	1062	1
299	1064	1
299	107	1
299	1075	1
299	1090	1
299	1110	1
299	1152	1
299	1152	1
299	122	1
299	1223	1
299	1228	1
299	1244	1
299	1301	1
299	1302	1
299	1341	1
299	136	1
299	1381	1
299	1390	1
299	1400	1
299	1405	1
299	1406	1
299	1417	1
299	1444	1
299	149	1
299	1582	1
299	1659	1
299	1669	1
299	1718	1
299	1757	1
299	1805	1
299	1825	1
299	189	1
299	189	1
299	1899	1
299	1899	1
299	1987	1
299	2011	1
299	2021	1
299	2033	1
299	208	1
299	214	1
299	2158	1
299	2212	1
299	2262	1
299	2280	1
299	2293	1
299	2303	1
299	2314	1
299	2316	1
299	2385	1
299	2390	1
299	2390	1
299	2395	1
299	2408	1
299	2465	1
299	2496	1
299	2515	1
299	255	1
299	2618	1
299	2624	1
299	2645	1
299	2734	1
299	2764	1
299	2794	1
299	2810	1
299	2815	1
299	2888	1
299	2890	1
299	2972	1
299	2999	1
299	3126	1
299	3131	1
299	3205	1
299	328	1
299	3313	1
299	3381	1
299	348	1
299	3487	1
299	350	1
299	350	1
299	3566	1
299	3575	1
299	3614	1
299	3649	1
299	3660	1
299	367	1
299	3672	1
299	3678	1
299	3686	1
299	369	1
299	3702	1
299	3726	1
299	3755	1
299	376	1
299	3768	1
299	3770	1
299	3790	1
299	3802	1
299	3802	1
299	3837	1
299	3880	1
299	3924	1
299	3956	1
299	3990	1
299	3996	1
299	4009	1
299	401	1
299	4011	1
299	405	1
299	407	1
299	4120	1
299	4193	1
299	4228	1
299	4259	1
299	4283	1
299	445	1
299	455	1
299	4715	1
299	479	1
299	49	1
299	4960	1
299	496	1
299	497	1
299	5222	1
299	583	1
299	588	1
299	607	1
299	636	1
299	6464	1
299	68	1
299	707	1
299	723	1
299	732	1
299	773	1
299	787	1
299	799	1
299	799	1
299	855	1
299	857	1
299	863	1
299	898	1
299	923	1
300	1059	1
300	1145	1
300	1190	1
300	1206	1
300	1220	1
300	1342	1
300	1378	1
300	1391	1
300	1472	1
300	1475	1
300	1484	1
300	1516	1
300	1532	1
300	1537	1
300	1542	1
300	1611	1
300	166	1
300	174	1
300	1759	1
300	178	1
300	1834	1
300	1874	1
300	1877	1
300	188	1
300	2111	1
300	2172	1
300	2265	1
300	2281	1
300	2357	1
300	2402	1
300	2525	1
300	2556	1
300	2696	1
300	2750	1
300	2757	1
300	2763	1
300	2910	1
300	2924	1
300	2964	1
300	2999	1
300	3021	1
300	324	1
300	3264	1
300	3301	1
300	3464	1
300	347	1
300	3485	1
300	3511	1
300	3538	1
300	3591	1
300	3596	1
300	360	1
300	3720	1
300	3723	1
300	3787	1
300	3826	1
300	3925	1
300	3934	1
300	394	1
300	3978	1
300	4081	1
300	4094	1
300	4153	1
300	4228	1
300	4314	1
300	4315	1
300	434	1
300	452	1
300	4548	1
300	4681	1
300	4732	1
300	496	1
300	5138	1
300	5180	1
300	542	1
300	654	1
300	718	1
300	753	1
300	762	1
300	798	1
300	8	1
300	8	1
300	829	1
300	870	1
300	940	1
300	951	1
301	1012	1
301	1057	1
301	1180	1
301	1196	1
301	1286	1
301	1343	1
301	1383	1
301	1416	1
301	1471	1
301	1486	1
301	1549	1
301	1591	1
301	1717	1
301	1744	1
301	1754	1
301	1762	1
301	1843	1
301	1956	1
301	198	1
301	1998	1
301	2213	1
301	2285	1
301	2332	1
301	2371	1
301	2536	1
301	2550	1
301	2590	1
301	267	1
301	2692	1
301	2738	1
301	275	1
301	2890	1
301	2911	1
301	2992	1
301	3050	1
301	3115	1
301	3248	1
301	3454	1
301	3459	1
301	3505	1
301	3537	1
301	3558	1
301	3611	1
301	3626	1
301	3640	1
301	3650	1
301	3689	1
301	369	1
301	3708	1
301	3715	1
301	3798	1
301	3803	1
301	3817	1
301	3974	1
301	4100	1
301	4132	1
301	4135	1
301	4255	1
301	4286	1
301	4957	1
301	4965	1
301	5021	1
301	5592	1
301	565	1
301	5863	1
301	740	1
301	864	1
301	909	1
301	916	1
301	9226	1
301	923	1
302	1012	1
302	1052	1
302	129	1
302	1310	1
302	1332	1
302	1484	1
302	1570	1
302	1632	1
302	166	1
302	17	1
302	1839	1
302	1888	1
302	1914	1
302	1922	1
302	215	1
302	2162	1
302	2218	1
302	2239	1
302	2287	1
302	2340	1
302	2352	1
302	2362	1
302	2430	1
302	2496	1
302	2604	1
302	2605	1
302	2617	1
302	2896	1
302	2946	1
302	3001	1
302	3083	1
302	3085	1
302	3086	1
302	3121	1
302	3250	1
302	3714	1
302	3725	1
302	3756	1
302	3783	1
302	3785	1
302	3790	1
302	3852	1
302	3999	1
302	4009	1
302	4104	1
302	4134	1
302	4186	1
302	4249	1
302	442	1
302	5004	1
302	5014	1
302	512	1
302	5249	1
302	645	1
302	675	1
302	793	1
302	795	1
302	799	1
302	859	1
302	903	1
302	9	1
302	967	1
303	1020	1
303	1021	1
303	1077	1
303	1090	1
303	1095	1
303	1097	1
303	1100	1
303	1139	1
303	1169	1
303	1176	1
303	1183	1
303	1186	1
303	1193	1
303	1316	1
303	1371	1
303	1376	1
303	1425	1
303	1613	1
303	1659	1
303	1674	1
303	17	1
303	17	1
303	17	1
303	1727	1
303	1759	1
303	1762	1
303	1763	1
303	177	1
303	1807	1
303	1837	1
303	1838	1
303	1857	1
303	194	1
303	195	1
303	200	1
303	202	1
303	2130	1
303	2290	1
303	2335	1
303	2593	1
303	261	1
303	2640	1
303	2680	1
303	2708	1
303	317	1
303	322	1
303	3282	1
303	3286	1
303	344	1
303	3443	1
303	349	1
303	3631	1
303	364	1
303	3795	1
303	3902	1
303	3952	1
303	3994	1
303	3998	1
303	4036	1
303	4203	1
303	4337	1
303	4361	1
303	510	1
303	511	1
303	516	1
303	521	1
303	527	1
303	541	1
303	556	1
303	5893	1
303	636	1
303	66	1
303	709	1
303	758	1
303	798	1
303	8326	1
303	838	1
303	843	1
303	873	1
303	926	1
303	927	1
304	1039	1
304	1121	1
304	1194	1
304	1237	1
304	1315	1
304	17	1
304	17	1
304	17	1
304	1793	1
304	184	1
304	1966	1
304	2037	1
304	2308	1
304	2317	1
304	240	1
304	245	1
304	2620	1
304	2694	1
304	2730	1
304	2773	1
304	2890	1
304	3073	1
304	3095	1
304	332	1
304	3422	1
304	3452	1
304	3456	1
304	3505	1
304	3626	1
304	3647	1
304	3671	1
304	3729	1
304	3814	1
304	3909	1
304	3928	1
304	3937	1
304	4090	1
304	4111	1
304	4159	1
304	426	1
304	429	1
304	4665	1
304	4736	1
304	4753	1
304	4783	1
304	506	1
304	558	1
304	662	1
304	706	1
304	812	1
304	915	1
304	930	1
304	950	1
304	993	1
305	1045	1
305	1058	1
305	1151	1
305	1172	1
305	1192	1
305	1389	1
305	1454	1
305	1509	1
305	1524	1
305	1527	1
305	1552	1
305	1553	1
305	1738	1
305	1799	1
305	1853	1
305	2190	1
305	2574	1
305	2723	1
305	2827	1
305	2851	1
305	2959	1
305	3206	1
305	3505	1
305	3545	1
305	3576	1
305	3597	1
305	3627	1
305	3734	1
305	3789	1
305	3797	1
305	389	1
305	4014	1
305	4057	1
305	4071	1
305	4357	1
305	4398	1
305	447	1
305	4493	1
305	4526	1
305	4697	1
305	4706	1
305	5164	1
305	526	1
305	5642	1
305	780	1
305	802	1
305	902	1
305	990	1
306	121	1
306	1310	1
306	1371	1
306	1402	1
306	1533	1
306	1690	1
306	17	1
306	2146	1
306	2168	1
306	2394	1
306	264	1
306	276	1
306	2808	1
306	3165	1
306	3192	1
306	3423	1
306	3469	1
306	3486	1
306	351	1
306	3582	1
306	3764	1
306	3830	1
306	3835	1
306	3847	1
306	3870	1
306	3956	1
306	4100	1
306	4158	1
306	4530	1
306	4595	1
306	5163	1
306	5552	1
306	5578	1
306	651	1
306	674	1
306	712	1
306	724	1
306	798	1
307	1112	1
307	149	1
307	150	1
307	15	1
307	1512	1
307	157	1
307	1635	1
307	169	1
307	1761	1
307	18	1
307	1818	1
307	2317	1
307	237	1
307	2393	1
307	2432	1
307	254	1
307	258	1
307	2624	1
307	2767	1
307	284	1
307	2910	1
307	3083	1
307	3346	1
307	3445	1
307	3587	1
307	3724	1
307	378	1
307	3788	1
307	3837	1
307	3964	1
307	4083	1
307	4168	1
307	4191	1
307	4208	1
307	4458	1
307	476	1
307	508	1
307	5128	1
307	533	1
307	543	1
307	5943	1
307	640	1
307	7415	1
307	848	1
308	1005	1
308	1030	1
308	1254	1
308	1285	1
308	1293	1
308	1376	1
308	151	1
308	16	1
308	164	1
308	1658	1
308	17	1
308	1951	1
308	1956	1
308	2086	1
308	2155	1
308	2369	1
308	2565	1
308	2663	1
308	2802	1
308	2902	1
308	2979	1
308	3472	1
308	361	1
308	3688	1
308	3744	1
308	3801	1
308	4297	1
308	4640	1
308	5221	1
308	5553	1
308	624	1
308	793	1
309	1114	1
309	1209	1
309	1335	1
309	16	1
309	17	1
309	2232	1
309	2247	1
309	2375	1
309	2564	1
309	259	1
309	2771	1
309	2772	1
309	2815	1
309	2974	1
309	3086	1
309	3198	1
309	3316	1
309	3330	1
309	3598	1
309	3657	1
309	3729	1
309	3740	1
309	3856	1
309	4050	1
309	4117	1
309	4254	1
309	4302	1
309	4592	1
309	5834	1
309	6219	1
309	918	1
310	110	1
310	143	1
310	1693	1
310	17	1
310	17	1
310	2091	1
310	2310	1
310	2972	1
310	3287	1
310	34	1
310	3644	1
310	3730	1
310	3751	1
310	3782	1
310	3865	1
310	3960	1
310	4075	1
310	4132	1
310	4269	1
310	4503	1
310	4539	1
310	4544	1
310	4781	1
310	5523	1
310	5634	1
310	5948	1
310	6030	1
310	6080	1
310	899	1
311	1091	1
311	1298	1
311	1469	1
311	1512	1
311	161	1
311	1712	1
311	215	1
311	2532	1
311	2657	1
311	295	1
311	2974	1
311	3072	1
311	3102	1
311	319	1
311	32	1
311	33	1
311	3516	1
311	3583	1
311	3783	1
311	3795	1
311	3840	1
311	3860	1
311	3938	1
311	3951	1
311	4006	1
311	4046	1
311	4058	1
311	4154	1
311	4265	1
311	4484	1
311	5038	1
311	5417	1
311	607	1
311	747	1
311	777	1
311	79	1
311	959	1
312	1080	1
312	1734	1
312	1807	1
312	18	1
312	1999	1
312	2122	1
312	2723	1
312	2953	1
312	3623	1
312	3672	1
312	3696	1
312	3858	1
312	3860	1
312	3881	1
312	3895	1
312	391	1
312	4037	1
312	422	1
312	426	1
312	446	1
312	4830	1
312	495	1
312	552	1
312	668	1
312	697	1
312	834	1
312	869	1
312	971	1
313	1025	1
313	111	1
313	1350	1
313	1468	1
313	15	1
313	166	1
313	1815	1
313	2009	1
313	2089	1
313	2213	1
313	2327	1
313	2404	1
313	242	1
313	2434	1
313	2453	1
313	2601	1
313	2869	1
313	2935	1
313	3150	1
313	3596	1
313	3611	1
313	3676	1
313	3683	1
313	3861	1
313	3922	1
313	3993	1
313	4059	1
313	4092	1
313	4441	1
313	5148	1
313	5230	1
313	593	1
313	681	1
313	692	1
313	866	1
313	869	1
314	1023	1
314	1079	1
314	1296	1
314	16	1
314	18	1
314	1822	1
314	1998	1
314	2035	1
314	207	1
314	2234	1
314	2325	1
314	2463	1
314	2472	1
314	3154	1
314	35	1
314	3640	1
314	3714	1
314	3775	1
314	3869	1
314	387	1
314	3871	1
314	3939	1
314	401	1
314	4376	1
314	4936	1
314	4954	1
314	5141	1
314	5585	1
314	728	1
315	1126	1
315	1289	1
315	1336	1
315	16	1
315	16	1
315	1721	1
315	2046	1
315	21	1
315	2207	1
315	2680	1
315	3637	1
315	4129	1
315	4242	1
315	734	1
316	1141	1
316	1170	1
316	1200	1
316	121	1
316	1317	1
316	1450	1
316	152	1
316	160	1
316	16	1
316	16	1
316	1707	1
316	1800	1
316	1885	1
316	203	1
316	2075	1
316	2221	1
316	224	1
316	2275	1
316	2439	1
316	246	1
316	2772	1
316	303	1
316	362	1
316	3646	1
316	3722	1
316	3985	1
316	414	1
316	4365	1
316	5224	1
316	523	1
316	724	1
316	729	1
316	768	1
316	826	1
316	856	1
316	959	1
316	974	1
317	1413	1
317	16	1
317	16	1
317	1663	1
317	187	1
317	1895	1
317	203	1
317	21	1
317	2150	1
317	2278	1
317	2704	1
317	2861	1
317	2980	1
317	3064	1
317	3165	1
317	3206	1
317	3535	1
317	4424	1
317	451	1
317	5385	1
318	1110	1
318	1210	1
318	1425	1
318	1503	1
318	16	1
318	1677	1
318	2449	1
318	2466	1
318	2567	1
318	2995	1
318	3121	1
318	3138	1
318	334	1
318	3612	1
318	3807	1
318	3831	1
318	423	1
318	4286	1
318	4574	1
318	528	1
318	54	1
318	564	1
318	851	1
319	1053	1
319	1103	1
319	114	1
319	1275	1
319	1296	1
319	1477	1
319	15	1
319	174	1
319	2179	1
319	245	1
319	262	1
319	288	1
319	289	1
319	2926	1
319	3232	1
319	341	1
319	3447	1
319	3823	1
319	3838	1
319	3871	1
319	3940	1
319	3942	1
319	4052	1
319	4070	1
319	4459	1
319	4580	1
319	463	1
319	681	1
319	71	1
319	9369	1
320	1303	1
320	1537	1
320	1732	1
320	3132	1
320	3346	1
320	3489	1
320	3905	1
320	3957	1
320	4936	1
320	589	1
320	6032	1
320	6227	1
320	657	1
320	700	1
320	796	1
321	1410	1
321	1585	1
321	1659	1
321	1844	1
321	2158	1
321	2400	1
321	2771	1
321	3312	1
321	332	1
321	3764	1
321	3866	1
321	3949	1
321	4175	1
321	4628	1
321	5283	1
321	637	1
321	782	1
321	951	1
322	1046	1
322	1215	1
322	1397	1
322	1455	1
322	1463	1
322	2076	1
322	3444	1
322	3568	1
322	365	1
322	3685	1
322	3792	1
322	3984	1
322	408	1
322	439	1
322	445	1
322	485	1
322	5132	1
322	5674	1
322	619	1
322	784	1
322	818	1
322	819	1
322	869	1
322	875	1
323	1085	1
323	1163	1
323	1240	1
323	1268	1
323	1443	1
323	150	1
323	1642	1
323	1800	1
323	1972	1
323	2636	1
323	2946	1
323	305	1
323	307	1
323	3089	1
323	3448	1
323	3497	1
323	356	1
323	3626	1
323	3701	1
323	3718	1
323	3890	1
323	3949	1
323	4112	1
323	4360	1
323	448	1
323	552	1
324	1159	1
324	1441	1
324	183	1
324	2074	1
324	2866	1
324	3078	1
324	3102	1
324	3102	1
324	3271	1
324	3302	1
324	4074	1
324	523	1
324	664	1
324	783	1
324	879	1
325	1655	1
325	2783	1
325	4221	1
325	4406	1
325	442	1
325	4609	1
325	935	1
326	1224	1
326	3971	1
326	4162	1
326	4317	1
326	759	1
326	900	1
327	3694	1
327	869	1
328	1459	1
328	1578	1
328	2462	1
328	2517	1
328	3209	1
328	3539	1
328	358	1
328	3929	1
328	4229	1
328	4322	1
329	1561	1
329	1631	1
329	1651	1
329	1819	1
329	2644	1
329	3635	1
329	3707	1
329	3899	1
329	4421	1
329	4570	1
329	4755	1
329	5109	1
329	5411	1
329	5794	1
329	606	1
329	607	1
330	272	1
330	3634	1
330	5302	1
331	1093	1
331	3504	1
331	3727	1
331	473	1
332	1104	1
332	3045	1
332	3103	1
332	4597	1
332	594	1
333	2431	1
333	2528	1
333	4043	1
333	510	1
333	558	1
334	1034	1
334	1090	1
334	1271	1
334	1426	1
334	1494	1
334	1626	1
334	1773	1
334	2022	1
334	2451	1
334	2828	1
334	3322	1
334	3513	1
334	3956	1
334	3960	1
334	4352	1
334	4404	1
334	739	1
334	776	1
335	1348	1
335	1446	1
335	2557	1
335	2774	1
335	3055	1
335	3518	1
335	3711	1
335	659	1
335	803	1
336	1155	1
336	1254	1
336	1404	1
336	1512	1
336	2177	1
336	2540	1
336	2608	1
336	2626	1
336	3705	1
336	384	1
336	487	1
337	1038	1
337	2230	1
337	2901	1
337	3119	1
337	3549	1
337	3577	1
337	4056	1
337	4058	1
337	4078	1
337	4448	1
337	4540	1
337	509	1
337	7047	1
337	9511	1
338	2325	1
338	3090	1
338	3286	1
338	3439	1
338	3700	1
338	3816	1
338	3993	1
338	5399	1
338	847	1
339	1005	1
339	1017	1
339	1042	1
339	1477	1
339	1598	1
339	2440	1
339	3124	1
339	3252	1
339	3676	1
339	3774	1
339	3896	1
339	4001	1
339	802	1
340	204	1
340	2293	1
340	289	1
340	3107	1
340	3587	1
340	3796	1
340	3934	1
340	3958	1
340	4323	1
340	4355	1
340	5141	1
340	5422	1
340	5463	1
340	6249	1
340	858	1
340	8862	1
341	1015	1
341	1899	1
341	2067	1
341	2215	1
341	2375	1
341	2414	1
341	2434	1
341	2696	1
341	281	1
341	3059	1
341	3078	1
341	3238	1
341	3426	1
341	3450	1
341	3673	1
341	4204	1
341	4306	1
341	4627	1
341	5066	1
341	5403	1
341	5465	1
341	5573	1
341	579	1
341	783	1
341	939	1
342	1008	1
342	1065	1
342	1767	1
342	1843	1
342	2316	1
342	2791	1
342	2973	1
342	3304	1
342	3307	1
342	3387	1
342	3448	1
342	3489	1
342	3565	1
342	3720	1
342	3729	1
342	3817	1
342	3851	1
342	3886	1
342	3889	1
342	390	1
342	3972	1
342	398	1
342	4089	1
342	4150	1
342	4430	1
342	527	1
342	5591	1
342	5600	1
342	634	1
343	1039	1
343	1289	1
343	1293	1
343	1374	1
343	1503	1
343	1533	1
343	1585	1
343	1671	1
343	1794	1
343	1904	1
343	2199	1
343	2249	1
343	2679	1
343	269	1
343	2764	1
343	2820	1
343	3072	1
343	3122	1
343	3386	1
343	3544	1
343	3603	1
343	3608	1
343	3695	1
343	3741	1
343	3748	1
343	3759	1
343	3792	1
343	3807	1
343	385	1
343	3876	1
343	3894	1
343	3909	1
343	4131	1
343	4372	1
343	4400	1
343	446	1
343	4570	1
343	469	1
343	4769	1
343	480	1
343	5338	1
343	559	1
343	5635	1
343	5644	1
343	669	1
343	686	1
343	735	1
344	134	1
344	2089	1
344	2130	1
344	2493	1
344	2724	1
344	2872	1
344	2923	1
344	2945	1
344	3193	1
344	3222	1
344	3507	1
344	3601	1
344	3740	1
344	3819	1
344	4139	1
344	4156	1
344	430	1
344	4313	1
344	4327	1
344	4500	1
344	538	1
344	5402	1
344	5488	1
344	597	1
344	8210	1
344	8310	1
345	1069	1
345	1113	1
345	1291	1
345	1361	1
345	229	1
345	238	1
345	2407	1
345	2663	1
345	2704	1
345	2723	1
345	2805	1
345	2907	1
345	307	1
345	3328	1
345	3576	1
345	3657	1
345	3724	1
345	3771	1
345	3926	1
345	4208	1
345	4246	1
345	4308	1
345	4341	1
345	4745	1
345	5251	1
345	5543	1
345	5589	1
345	5632	1
345	7615	1
345	8604	1
345	870	1
346	1026	1
346	1080	1
346	1118	1
346	1197	1
346	1410	1
346	1540	1
346	1707	1
346	1725	1
346	185	1
346	188	1
346	2064	1
346	2140	1
346	243	1
346	2766	1
346	2837	1
346	3117	1
346	3171	1
346	3303	1
346	3405	1
346	3492	1
346	3581	1
346	3730	1
346	3922	1
346	3982	1
346	413	1
346	4229	1
346	4230	1
346	4241	1
346	4327	1
346	4611	1
346	4666	1
346	5701	1
346	681	1
346	762	1
347	1062	1
347	1094	1
347	1155	1
347	1224	1
347	1330	1
347	1535	1
347	1536	1
347	1616	1
347	185	1
347	1863	1
347	1904	1
347	2489	1
347	2522	1
347	2703	1
347	2708	1
347	2930	1
347	2981	1
347	3420	1
347	3577	1
347	3637	1
347	3658	1
347	3685	1
347	3717	1
347	3810	1
347	3824	1
347	3825	1
347	3858	1
347	3979	1
347	4018	1
347	4026	1
347	4064	1
347	4074	1
347	4171	1
347	4201	1
347	4324	1
347	4390	1
347	4430	1
347	4649	1
347	4668	1
347	5256	1
347	5556	1
347	6151	1
347	628	1
347	746	1
347	8317	1
347	962	1
348	1135	1
348	1183	1
348	1299	1
348	1341	1
348	1694	1
348	1719	1
348	1777	1
348	1976	1
348	2046	1
348	2079	1
348	2307	1
348	2454	1
348	2848	1
348	3105	1
348	3218	1
348	3268	1
348	3282	1
348	3457	1
348	3639	1
348	3654	1
348	3668	1
348	3669	1
348	3697	1
348	3808	1
348	3831	1
348	3839	1
348	3916	1
348	3975	1
348	4086	1
348	4147	1
348	4206	1
348	4224	1
348	4247	1
348	4293	1
348	4335	1
348	440	1
348	4441	1
348	4484	1
348	4999	1
348	523	1
348	5678	1
348	739	1
348	7792	1
349	1179	1
349	1285	1
349	1369	1
349	1670	1
349	1775	1
349	1832	1
349	2321	1
349	2339	1
349	2372	1
349	2411	1
349	2468	1
349	2574	1
349	2605	1
349	2706	1
349	2909	1
349	2913	1
349	3210	1
349	3433	1
349	348	1
349	3555	1
349	3613	1
349	3749	1
349	3757	1
349	3758	1
349	3876	1
349	3883	1
349	3898	1
349	4157	1
349	4179	1
349	4226	1
349	433	1
349	4470	1
349	4630	1
349	509	1
349	517	1
349	5600	1
349	5704	1
349	586	1
349	616	1
349	6289	1
349	7577	1
349	839	1
350	1132	1
350	1163	1
350	1332	1
350	1342	1
350	1481	1
350	1518	1
350	1687	1
350	1816	1
350	1897	1
350	1972	1
350	1979	1
350	2050	1
350	2089	1
350	2454	1
350	2614	1
350	2745	1
350	3269	1
350	3411	1
350	3650	1
350	3652	1
350	3694	1
350	3724	1
350	3781	1
350	3825	1
350	3827	1
350	3853	1
350	3868	1
350	3919	1
350	3940	1
350	3993	1
350	4106	1
350	4130	1
350	4160	1
350	4184	1
350	423	1
350	4269	1
350	4290	1
350	4499	1
350	5231	1
350	5282	1
350	542	1
350	5433	1
350	5437	1
350	5602	1
350	5608	1
350	640	1
350	643	1
350	657	1
350	835	1
350	889	1
351	1000	1
351	11076	1
351	1173	1
351	1247	1
351	1428	1
351	1561	1
351	1630	1
351	1856	1
351	1861	1
351	2379	1
351	2507	1
351	2583	1
351	2775	1
351	2860	1
351	2905	1
351	2936	1
351	3043	1
351	3390	1
351	346	1
351	3594	1
351	3711	1
351	3717	1
351	3719	1
351	3823	1
351	3865	1
351	3876	1
351	3898	1
351	4001	1
351	4105	1
351	4225	1
351	443	1
351	447	1
351	4554	1
351	4636	1
351	5479	1
351	5621	1
351	5661	1
351	5662	1
351	5828	1
351	701	1
351	7325	1
351	774	1
351	974	1
352	1037	1
352	1074	1
352	1471	1
352	1494	1
352	1547	1
352	1596	1
352	1670	1
352	2115	1
352	2434	1
352	2439	1
352	259	1
352	270	1
352	2859	1
352	2933	1
352	2996	1
352	3133	1
352	3238	1
352	3390	1
352	3445	1
352	3583	1
352	3614	1
352	3673	1
352	3682	1
352	3794	1
352	3855	1
352	3904	1
352	3962	1
352	4005	1
352	4309	1
352	4315	1
352	4338	1
352	4418	1
352	448	1
352	455	1
352	5498	1
352	5945	1
352	686	1
352	933	1
353	1050	1
353	1130	1
353	1364	1
353	1419	1
353	1640	1
353	1861	1
353	1884	1
353	1964	1
353	2555	1
353	2749	1
353	3556	1
353	357	1
353	3771	1
353	3912	1
353	3922	1
353	3986	1
353	4132	1
353	4772	1
353	496	1
353	5260	1
353	944	1
354	199	1
354	2092	1
354	2098	1
354	214	1
354	2335	1
354	288	1
354	2977	1
354	3670	1
354	3688	1
354	3727	1
354	455	1
354	5389	1
354	581	1
354	741	1
354	742	1
354	947	1
355	1052	1
355	1074	1
355	1206	1
355	1326	1
355	1504	1
355	1744	1
355	1844	1
355	2265	1
355	2449	1
355	261	1
355	2657	1
355	2984	1
355	3220	1
355	3396	1
355	342	1
355	3609	1
355	3763	1
355	3814	1
355	407	1
355	417	1
355	4512	1
355	544	1
355	5528	1
355	563	1
355	6019	1
356	1560	1
356	1737	1
356	2129	1
356	2481	1
356	2632	1
356	2696	1
356	2908	1
356	3137	1
356	3199	1
356	3402	1
356	3609	1
356	386	1
356	3873	1
356	4103	1
356	4118	1
356	4274	1
356	4528	1
356	4540	1
356	4770	1
356	552	1
356	5681	1
356	677	1
356	699	1
356	716	1
356	788	1
356	794	1
357	1370	1
357	2728	1
357	3260	1
357	3607	1
357	4084	1
358	1263	1
358	1353	1
358	1739	1
358	1947	1
358	2839	1
358	3382	1
358	3584	1
358	3683	1
358	454	1
358	4660	1
358	534	1
358	5648	1
358	748	1
358	820	1
358	8684	1
359	1975	1
359	3523	1
359	3523	1
359	3722	1
359	4431	1
359	648	1
360	1129	1
360	1246	1
360	1304	1
360	1666	1
360	1946	1
360	2117	1
360	2525	1
360	3708	1
360	383	1
360	555	1
360	870	1
361	1504	1
361	1633	1
361	1683	1
361	1708	1
361	2122	1
361	2171	1
361	3170	1
361	3444	1
361	3549	1
361	3835	1
361	453	1
361	5423	1
361	594	1
361	716	1
362	1025	1
362	1125	1
362	1310	1
362	1416	1
362	154	1
362	2099	1
362	226	1
362	2698	1
362	3533	1
362	3710	1
362	4199	1
362	4481	1
362	5791	1
362	755	1
362	874	1
363	1195	1
363	1359	1
363	1821	1
363	2028	1
363	2042	1
363	2592	1
363	2676	1
363	2876	1
364	2433	1
364	2464	1
365	1797	1
365	251	1
365	2624	1
365	3021	1
365	3277	1
365	3327	1
365	3651	1
365	3739	1
365	382	1
365	3907	1
365	4114	1
365	4311	1
365	4923	1
365	5198	1
365	5502	1
365	569	1
366	1180	1
366	1248	1
366	203	1
366	2129	1
366	238	1
366	2793	1
366	2943	1
366	3041	1
366	3086	1
366	3572	1
366	3584	1
366	3792	1
366	3941	1
366	3983	1
366	4267	1
366	4432	1
366	4988	1
366	641	1
367	1116	1
367	133	1
367	1494	1
367	192	1
367	2440	1
367	267	1
367	2822	1
367	3203	1
367	3728	1
367	4173	1
367	4274	1
367	4473	1
367	4672	1
367	5550	1
367	6521	1
367	723	1
368	293	1
368	4186	1
368	506	1
368	640	1
368	762	1
368	907	1
369	1662	1
369	223	1
369	2305	1
369	305	1
369	3407	1
369	3802	1
369	3993	1
369	4314	1
369	5483	1
370	1992	1
370	4193	1
370	422	1
370	435	1
370	5450	1
370	891	1
371	1296	1
371	2697	1
371	3737	1
371	778	1
371	8060	1
372	1066	1
372	1425	1
372	1848	1
372	3457	1
372	3582	1
372	3740	1
372	3841	1
372	4046	1
373	2699	1
373	2725	1
373	3603	1
373	3677	1
373	3769	1
373	4479	1
374	4355	1
374	4843	1
375	1716	1
375	2507	1
375	366	1
376	18	1
376	1901	1
376	2122	1
376	2639	1
376	3602	1
376	3834	1
376	5240	1
376	5832	1
376	778	1
377	1123	1
377	1232	1
377	1815	1
377	19	1
377	2312	1
377	2369	1
377	4089	1
378	2514	1
378	3340	1
378	851	1
379	2845	1
379	956	1
380	1678	1
380	2633	1
380	292	1
380	2971	1
380	299	1
380	3538	1
380	3892	1
380	5293	1
380	5372	1
381	1040	1
381	1140	1
381	3628	1
381	5509	1
381	5566	1
381	5678	1
382	1238	1
382	1766	1
382	1857	1
382	197	1
382	2719	1
382	3631	1
382	4073	1
382	443	1
382	450	1
382	702	1
383	1115	1
383	1491	1
383	1999	1
383	2064	1
383	3026	1
383	3763	1
383	3778	1
383	4036	1
383	416	1
383	4331	1
383	592	1
383	756	1
384	1927	1
384	2165	1
384	3817	1
384	3963	1
384	4119	1
384	4158	1
384	6247	1
384	6260	1
385	1108	1
385	1289	1
385	1484	1
385	191	1
385	2033	1
385	3886	1
385	5228	1
385	619	1
385	649	1
386	1381	1
386	226	1
386	3632	1
386	3724	1
386	751	1
387	2195	1
387	225	1
387	2697	1
387	3836	1
388	1150	1
388	2144	1
388	291	1
388	3754	1
388	3776	1
388	3794	1
388	4780	1
388	5905	1
388	6076	1
389	1400	1
389	1483	1
389	2004	1
389	3051	1
389	3656	1
389	3886	1
389	639	1
389	802	1
390	1689	1
390	2119	1
390	3552	1
390	3663	1
390	3675	1
390	3758	1
390	3779	1
390	3985	1
390	4006	1
390	4823	1
390	633	1
390	724	1
390	746	1
390	774	1
391	1009	1
391	1703	1
391	1816	1
391	2104	1
391	225	1
391	2319	1
391	2386	1
391	2904	1
391	3582	1
391	3596	1
391	3688	1
391	3707	1
391	3735	1
391	3807	1
391	395	1
391	4065	1
391	426	1
391	4697	1
391	5301	1
391	575	1
391	708	1
391	723	1
392	1048	1
392	1173	1
392	1213	1
392	1264	1
392	1395	1
392	2315	1
392	2626	1
392	2771	1
392	295	1
392	3008	1
392	3103	1
392	3741	1
392	486	1
392	568	1
392	691	1
392	719	1
392	792	1
392	962	1
393	1068	1
393	1702	1
393	173	1
393	1745	1
393	1851	1
393	203	1
393	2034	1
393	2375	1
393	2601	1
393	370	1
393	3751	1
393	3802	1
393	4009	1
393	4068	1
393	4140	1
393	4174	1
393	4413	1
393	4471	1
393	4832	1
393	5433	1
393	5741	1
394	1140	1
394	1212	1
394	1554	1
394	2035	1
394	2329	1
394	2948	1
394	3022	1
394	3587	1
394	3688	1
394	3698	1
394	3799	1
394	3884	1
394	4155	1
394	4163	1
394	4265	1
394	4920	1
394	612	1
395	1712	1
395	1886	1
395	2527	1
395	2536	1
395	2929	1
395	3819	1
395	4289	1
395	4750	1
395	621	1
396	1067	1
396	1335	1
396	1620	1
396	175	1
396	1951	1
396	2007	1
396	213	1
396	2330	1
396	2518	1
396	2809	1
396	298	1
396	3243	1
396	3764	1
396	3801	1
396	388	1
396	4243	1
396	4560	1
396	479	1
397	1136	1
397	1256	1
397	1661	1
397	2041	1
397	2085	1
397	2534	1
397	2729	1
397	2869	1
397	3004	1
397	331	1
397	3508	1
397	3736	1
397	3749	1
397	3771	1
397	3772	1
397	4451	1
397	4505	1
397	4534	1
397	470	1
397	487	1
397	4884	1
397	517	1
397	522	1
397	5847	1
398	1026	1
398	1501	1
398	1550	1
398	1561	1
398	1738	1
398	2098	1
398	2830	1
398	2831	1
398	2844	1
398	3343	1
398	3509	1
398	3599	1
398	3960	1
398	4401	1
398	4425	1
398	5299	1
398	763	1
398	969	1
399	1183	1
399	1390	1
399	1457	1
399	1603	1
399	1902	1
399	2225	1
399	2448	1
399	2753	1
399	3067	1
399	3643	1
399	3662	1
399	3726	1
399	3773	1
399	4119	1
399	4197	1
399	4285	1
399	4304	1
399	4314	1
399	4356	1
399	4413	1
399	4492	1
399	5715	1
399	672	1
399	748	1
399	901	1
400	1073	1
400	2011	1
400	2757	1
400	2858	1
400	3038	1
400	3544	1
400	3623	1
400	3625	1
400	3710	1
400	3734	1
400	3779	1
400	3785	1
400	3849	1
400	4377	1
400	4431	1
400	456	1
400	4608	1
400	5860	1
400	6315	1
400	739	1
401	1296	1
401	1511	1
401	1567	1
401	1804	1
401	1952	1
401	2151	1
401	2479	1
401	2556	1
401	2565	1
401	2653	1
401	2834	1
401	2843	1
401	3040	1
401	3103	1
401	3400	1
401	3607	1
401	3686	1
401	3695	1
401	3756	1
401	3806	1
401	3807	1
401	3967	1
401	4376	1
401	5465	1
402	1012	1
402	1037	1
402	1089	1
402	1531	1
402	1675	1
402	1930	1
402	2509	1
402	265	1
402	2719	1
402	301	1
402	3224	1
402	3306	1
402	3375	1
402	3687	1
402	3741	1
402	3826	1
402	4206	1
402	4286	1
402	4293	1
402	4326	1
402	4520	1
402	4987	1
402	5329	1
402	545	1
402	560	1
402	6047	1
402	853	1
403	1084	1
403	1226	1
403	1303	1
403	1442	1
403	1632	1
403	1744	1
403	1927	1
403	2195	1
403	2285	1
403	2375	1
403	2440	1
403	2468	1
403	2485	1
403	2627	1
403	2696	1
403	2760	1
403	2859	1
403	2956	1
403	3283	1
403	336	1
403	3719	1
403	3855	1
403	386	1
403	3868	1
403	5580	1
403	582	1
403	808	1
404	1383	1
404	17	1
404	17	1
404	1807	1
404	2464	1
404	2606	1
404	3461	1
404	3464	1
404	3505	1
404	3632	1
404	3637	1
404	3659	1
404	3718	1
404	3730	1
404	3910	1
404	3912	1
404	4284	1
404	4613	1
404	508	1
404	5654	1
404	797	1
405	1008	1
405	1230	1
405	142	1
405	182	1
405	3708	1
405	3713	1
405	386	1
405	397	1
405	4194	1
405	4375	1
405	4989	1
405	643	1
405	727	1
405	837	1
405	870	1
406	1203	1
406	1490	1
406	153	1
406	1562	1
406	1851	1
406	228	1
406	3599	1
406	3781	1
406	3882	1
406	3946	1
406	3979	1
406	399	1
406	4022	1
406	4494	1
406	493	1
406	5300	1
406	793	1
406	831	1
407	1248	1
407	1478	1
407	1650	1
407	2013	1
407	2198	1
407	229	1
407	2330	1
407	2460	1
407	267	1
407	2783	1
407	3178	1
407	355	1
407	3720	1
407	3822	1
407	3873	1
407	4153	1
407	4242	1
407	4304	1
407	4521	1
407	4728	1
407	4748	1
407	5554	1
407	5665	1
407	723	1
408	244	1
408	2898	1
408	2911	1
408	3880	1
408	404	1
408	4086	1
408	4488	1
408	4568	1
408	6689	1
408	693	1
409	1547	1
409	220	1
409	2507	1
409	2696	1
409	3665	1
409	4174	1
409	4429	1
409	486	1
409	541	1
410	1001	1
410	1846	1
410	191	1
410	1997	1
410	2568	1
410	2899	1
410	3650	1
410	391	1
410	4111	1
411	1488	1
411	168	1
411	1730	1
411	230	1
411	2623	1
411	311	1
411	3678	1
411	391	1
411	396	1
411	4378	1
411	5330	1
411	952	1
412	1190	1
412	1650	1
412	1673	1
412	1721	1
412	1777	1
412	2008	1
412	2121	1
412	2576	1
412	259	1
412	264	1
412	275	1
412	3645	1
412	367	1
412	4253	1
412	4817	1
412	5369	1
412	5801	1
412	6116	1
413	1222	1
413	1475	1
413	1515	1
413	2058	1
413	211	1
413	2599	1
413	261	1
413	264	1
413	2875	1
413	3523	1
413	3844	1
413	392	1
413	601	1
414	1490	1
414	1582	1
414	3708	1
414	3732	1
414	430	1
414	5181	1
414	525	1
414	638	1
414	6574	1
414	831	1
414	912	1
415	2138	1
415	2217	1
415	29	1
415	4197	1
415	4716	1
416	2533	1
416	4711	1
417	2316	1
417	2947	1
417	5526	1
418	1685	1
418	3658	1
418	380	1
419	1048	1
419	1832	1
419	1954	1
419	2064	1
419	416	1
419	4239	1
419	4290	1
419	472	1
419	4757	1
419	5340	1
419	5493	1
419	872	1
419	929	1
420	1011	1
420	1143	1
420	1493	1
420	1684	1
420	196	1
420	2650	1
420	3231	1
420	3777	1
420	477	1
420	889	1
421	1011	1
421	1383	1
421	253	1
421	264	1
421	2826	1
421	594	1
421	962	1
422	1091	1
422	1102	1
422	222	1
422	2605	1
422	2645	1
422	2708	1
422	2777	1
422	2939	1
422	343	1
422	3597	1
422	3686	1
422	3718	1
422	4616	1
422	4870	1
422	4941	1
422	602	1
422	6077	1
422	6238	1
422	6326	1
423	1253	1
423	1269	1
423	2070	1
423	3420	1
423	4294	1
423	5295	1
423	5418	1
423	618	1
424	1242	1
424	1934	1
424	214	1
424	2551	1
424	2823	1
424	3571	1
424	3690	1
424	4382	1
425	1484	1
425	2635	1
425	3702	1
425	7143	1
426	155	1
426	188	1
426	2383	1
426	2697	1
426	2899	1
426	2946	1
426	3714	1
426	4093	1
426	5179	1
426	736	1
427	1898	1
427	2696	1
427	2724	1
427	3483	1
427	4144	1
427	4314	1
427	4857	1
428	1062	1
428	1413	1
428	235	1
428	2359	1
428	2863	1
429	1431	1
429	1551	1
429	1668	1
429	1775	1
429	1885	1
429	209	1
429	2264	1
429	2384	1
429	2672	1
429	490	1
429	512	1
429	5277	1
429	899	1
430	1027	1
430	3785	1
430	3902	1
430	3958	1
430	4247	1
430	4696	1
430	4795	1
430	4869	1
431	1844	1
431	544	1
431	588	1
432	1177	1
432	182	1
432	3228	1
432	4345	1
432	6381	1
433	2076	1
433	2388	1
433	4078	1
433	4216	1
433	4336	1
433	4544	1
433	609	1
433	649	1
434	1009	1
434	1028	1
434	2293	1
435	233	1
435	3509	1
435	3759	1
435	4238	1
435	473	1
436	2308	1
436	3684	1
436	3696	1
436	4043	1
436	4469	1
437	140	1
437	226	1
437	3531	1
437	4260	1
437	4625	1
437	5660	1
437	83	1
438	1176	1
438	2220	1
438	2248	1
438	2769	1
438	3697	1
438	6647	1
439	4098	1
439	4487	1
439	815	1
440	1559	1
440	2553	1
440	271	1
440	2931	1
440	298	1
440	3794	1
440	590	1
440	737	1
441	1043	1
441	2032	1
441	255	1
441	3391	1
441	418	1
441	6266	1
441	822	1
442	1415	1
442	3481	1
443	2227	1
443	24	1
443	3086	1
443	3101	1
443	3853	1
443	4177	1
443	757	1
444	1128	1
444	1499	1
444	3064	1
444	3600	1
444	3854	1
444	4025	1
444	698	1
445	1123	1
445	1191	1
445	3127	1
445	3294	1
445	406	1
446	1954	1
446	205	1
446	279	1
446	2972	1
446	316	1
446	3289	1
446	3571	1
446	4030	1
446	4272	1
446	5206	1
446	658	1
447	1081	1
447	1166	1
447	1412	1
447	1688	1
447	2015	1
447	3369	1
447	3690	1
447	5370	1
447	728	1
448	2385	1
448	2777	1
448	2782	1
448	755	1
449	1222	1
449	1443	1
449	1586	1
449	288	1
449	2984	1
449	3297	1
449	3704	1
449	3775	1
449	3782	1
449	5338	1
449	8763	1
450	1108	1
450	1217	1
450	1269	1
450	1425	1
450	2033	1
450	2164	1
450	221	1
450	3298	1
450	3520	1
450	3848	1
450	3856	1
450	390	1
450	4208	1
450	4499	1
450	4833	1
450	5520	1
450	815	1
450	865	1
451	1005	1
451	1667	1
451	196	1
451	2428	1
451	2445	1
451	2740	1
451	2762	1
451	2944	1
451	3105	1
451	3488	1
451	3556	1
451	3582	1
451	3758	1
451	3765	1
451	3875	1
451	3971	1
451	4364	1
451	5118	1
451	596	1
451	738	1
452	1502	1
452	1778	1
452	1876	1
452	1978	1
452	2054	1
452	2248	1
452	2439	1
452	2459	1
452	2757	1
452	2806	1
452	2857	1
452	2918	1
452	2941	1
452	3230	1
452	3264	1
452	3523	1
452	3572	1
452	3587	1
452	3606	1
452	3679	1
452	3729	1
452	3742	1
452	3856	1
452	3914	1
452	3976	1
452	4075	1
452	5053	1
452	508	1
452	693	1
452	709	1
452	743	1
452	763	1
452	946	1
453	1314	1
453	1511	1
453	2222	1
453	2383	1
453	2651	1
453	3657	1
453	372	1
453	3772	1
453	4249	1
453	5024	1
454	1195	1
454	1654	1
454	1973	1
454	2180	1
454	3217	1
454	328	1
454	3291	1
454	3730	1
454	3848	1
454	4314	1
454	4551	1
455	1702	1
455	2320	1
455	2451	1
455	3523	1
455	3865	1
455	4344	1
455	4356	1
455	46	1
455	5065	1
455	5559	1
455	5706	1
456	1025	1
456	1314	1
456	213	1
456	2702	1
456	2759	1
456	3895	1
456	824	1
457	1304	1
457	1320	1
457	1474	1
457	196	1
457	2780	1
457	3087	1
457	3366	1
457	3734	1
457	3767	1
457	4112	1
457	436	1
457	4843	1
457	5100	1
457	960	1
458	1411	1
458	144	1
458	1490	1
458	215	1
458	218	1
458	3281	1
458	3728	1
458	4136	1
458	4201	1
458	4569	1
458	5733	1
458	68	1
459	1270	1
459	3721	1
459	4125	1
459	5289	1
459	5448	1
459	7296	1
460	1184	1
460	2980	1
460	3319	1
460	3732	1
460	4105	1
460	4950	1
460	673	1
461	1527	1
461	2339	1
461	418	1
461	817	1
461	903	1
462	2010	1
462	2260	1
462	2802	1
462	2817	1
462	3302	1
462	3617	1
462	3671	1
462	3812	1
462	3907	1
462	4561	1
462	46	1
463	1340	1
463	1485	1
463	1764	1
463	3597	1
463	3809	1
463	4317	1
463	467	1
463	5182	1
463	5218	1
463	855	1
464	1093	1
464	1160	1
464	1281	1
464	1450	1
464	215	1
464	2187	1
464	2490	1
464	2583	1
464	3102	1
464	3107	1
464	3178	1
464	3321	1
464	341	1
464	3703	1
464	4432	1
464	906	1
465	1486	1
465	3725	1
465	405	1
465	602	1
466	1234	1
466	1278	1
466	1364	1
466	1786	1
466	1986	1
466	2108	1
466	4078	1
466	4177	1
466	4406	1
467	1159	1
467	193	1
467	2702	1
467	2751	1
467	2775	1
467	2784	1
467	3354	1
467	4217	1
467	4271	1
467	4956	1
468	1309	1
468	1666	1
468	2652	1
468	3572	1
469	1601	1
469	216	1
469	2849	1
469	3500	1
469	4770	1
470	1680	1
470	1780	1
470	3662	1
470	3926	1
470	4823	1
471	1029	1
471	1767	1
471	2748	1
471	2757	1
471	474	1
471	934	1
472	1079	1
472	1382	1
472	1893	1
473	1362	1
473	2902	1
474	191	1
474	220	1
474	2893	1
474	3507	1
474	3733	1
474	4122	1
475	473	1
476	1661	1
476	1755	1
476	198	1
476	205	1
476	267	1
476	3877	1
476	4010	1
476	4776	1
476	582	1
477	2228	1
477	2693	1
477	4267	1
477	5274	1
477	543	1
478	1865	1
478	2691	1
479	1359	1
479	1359	1
479	1375	1
479	1431	1
479	223	1
479	4377	1
480	1383	1
480	2768	1
480	3057	1
480	3282	1
480	3464	1
480	3617	1
481	2322	1
481	233	1
481	2744	1
481	2782	1
481	2866	1
481	3852	1
481	3898	1
481	3993	1
481	4342	1
481	541	1
481	5426	1
481	5672	1
481	6360	1
482	2606	1
482	2978	1
482	3510	1
482	4186	1
482	4379	1
482	5157	1
482	62	1
482	788	1
483	1575	1
483	3821	1
483	46	1
483	5213	1
483	708	1
484	1476	1
484	2788	1
484	4688	1
485	1489	1
485	3287	1
485	333	1
485	3720	1
485	813	1
486	1182	1
486	210	1
486	4252	1
486	4665	1
486	4941	1
486	5250	1
487	1376	1
487	2903	1
487	3179	1
487	3852	1
487	4195	1
487	4352	1
488	17	1
488	2469	1
488	2501	1
488	2529	1
488	3557	1
488	3724	1
488	4105	1
488	51	1
488	5245	1
488	574	1
488	938	1
489	1365	1
489	4811	1
490	2271	1
490	4342	1
490	954	1
491	1058	1
491	4422	1
492	4486	1
493	1603	1
493	250	1
493	3061	1
493	3542	1
493	3855	1
493	4413	1
494	1087	1
494	1141	1
494	1395	1
494	2004	1
494	338	1
494	3776	1
494	3816	1
494	392	1
494	4297	1
494	4619	1
494	60	1
494	867	1
495	1052	1
495	1232	1
495	2142	1
495	4616	1
495	5322	1
495	628	1
495	818	1
496	1085	1
496	5512	1
496	5876	1
496	785	1
497	1306	1
497	1497	1
497	1924	1
497	2482	1
497	2693	1
497	2936	1
497	3816	1
497	3876	1
497	4241	1
498	1740	1
498	2846	1
498	3593	1
498	3661	1
498	3712	1
498	4306	1
498	5355	1
499	1065	1
499	2039	1
499	238	1
499	2555	1
499	273	1
499	2884	1
499	324	1
499	3376	1
499	3459	1
499	4172	1
499	4995	1
499	51	1
499	562	1
500	172	1
500	3313	1
500	4272	1
500	4279	1
500	4303	1
500	452	1
500	534	1
500	572	1
501	215	1
501	219	1
501	2763	1
501	3069	1
501	314	1
501	3326	1
501	3375	1
502	1209	1
502	1329	1
502	1368	1
502	1611	1
502	1652	1
502	2433	1
502	2444	1
502	245	1
502	2642	1
502	2754	1
502	2779	1
502	2842	1
502	3611	1
502	3619	1
502	3669	1
502	3670	1
502	3677	1
502	3718	1
502	3806	1
502	3808	1
502	3921	1
502	3953	1
502	3970	1
502	4187	1
502	4358	1
502	4364	1
502	4429	1
502	4483	1
502	4677	1
502	4748	1
502	5265	1
502	5807	1
502	609	1
502	826	1
502	929	1
502	934	1
503	1064	1
503	1196	1
503	1400	1
503	1453	1
503	1516	1
503	1554	1
503	1585	1
503	1702	1
503	1727	1
503	2038	1
503	2110	1
503	2162	1
503	2292	1
503	2316	1
503	2347	1
503	24	1
503	2430	1
503	2576	1
503	2650	1
503	2777	1
503	2795	1
503	2839	1
503	2965	1
503	3030	1
503	3528	1
503	3533	1
503	3588	1
503	3664	1
503	3674	1
503	3682	1
503	3701	1
503	3735	1
503	3781	1
503	3823	1
503	3879	1
503	3886	1
503	4304	1
503	4307	1
503	4383	1
503	4383	1
503	4407	1
503	4453	1
503	4748	1
503	5219	1
503	5283	1
503	905	1
503	913	1
504	1084	1
504	1186	1
504	16	1
504	167	1
504	1736	1
504	1782	1
504	1875	1
504	19	1
504	1930	1
504	1948	1
504	1959	1
504	2143	1
504	2287	1
504	2335	1
504	2497	1
504	2538	1
504	2562	1
504	2600	1
504	2625	1
504	2702	1
504	2731	1
504	2815	1
504	2905	1
504	3093	1
504	3233	1
504	3412	1
504	3447	1
504	3561	1
504	3607	1
504	3610	1
504	3628	1
504	3654	1
504	3737	1
504	3745	1
504	3745	1
504	3829	1
504	384	1
504	386	1
504	3969	1
504	4052	1
504	4123	1
504	4128	1
504	4205	1
504	4331	1
504	4399	1
504	4498	1
504	4978	1
504	5033	1
504	5255	1
504	5391	1
504	6139	1
504	761	1
504	7795	1
504	880	1
504	886	1
505	1007	1
505	1050	1
505	1061	1
505	1275	1
505	1358	1
505	1378	1
505	138	1
505	1384	1
505	1514	1
505	1547	1
505	1560	1
505	16	1
505	16	1
505	16	1
505	1654	1
505	1667	1
505	1683	1
505	1721	1
505	1761	1
505	1768	1
505	1820	1
505	19	1
505	1967	1
505	203	1
505	2196	1
505	2374	1
505	2403	1
505	2436	1
505	2516	1
505	2525	1
505	2557	1
505	2857	1
505	2929	1
505	2949	1
505	3061	1
505	3165	1
505	3270	1
505	3366	1
505	34	1
505	3418	1
505	3431	1
505	3538	1
505	3552	1
505	3567	1
505	3586	1
505	3590	1
505	3655	1
505	3658	1
505	3668	1
505	3680	1
505	3684	1
505	3702	1
505	3704	1
505	3810	1
505	3908	1
505	4022	1
505	4068	1
505	4125	1
505	4144	1
505	4198	1
505	4300	1
505	4355	1
505	4360	1
505	4468	1
505	4482	1
505	4720	1
505	498	1
505	5198	1
505	5505	1
505	5615	1
505	847	1
506	1149	1
506	1187	1
506	1224	1
506	1293	1
506	1356	1
506	1357	1
506	1391	1
506	1520	1
506	1556	1
506	1626	1
506	1631	1
506	1633	1
506	17	1
506	1758	1
506	191	1
506	192	1
506	1991	1
506	2055	1
506	216	1
506	2209	1
506	2232	1
506	23	1
506	2718	1
506	2721	1
506	2728	1
506	2777	1
506	279	1
506	281	1
506	2822	1
506	2829	1
506	2874	1
506	2968	1
506	2975	1
506	305	1
506	3115	1
506	3119	1
506	3248	1
506	34	1
506	3511	1
506	3532	1
506	3536	1
506	3581	1
506	3594	1
506	3624	1
506	3673	1
506	3686	1
506	3717	1
506	3728	1
506	3729	1
506	3765	1
506	3773	1
506	3777	1
506	3788	1
506	39	1
506	3926	1
506	4108	1
506	4143	1
506	4270	1
506	4428	1
506	4501	1
506	4589	1
506	4700	1
506	5227	1
506	5270	1
506	5455	1
506	5992	1
506	648	1
506	664	1
506	729	1
506	839	1
506	942	1
506	973	1
506	992	1
507	1005	1
507	1037	1
507	1115	1
507	12	1
507	123	1
507	1346	1
507	1481	1
507	16	1
507	1630	1
507	1681	1
507	1854	1
507	1868	1
507	1874	1
507	1994	1
507	2032	1
507	2131	1
507	2147	1
507	2159	1
507	2196	1
507	2223	1
507	2239	1
507	2257	1
507	2270	1
507	230	1
507	2314	1
507	2329	1
507	2357	1
507	2370	1
507	241	1
507	241	1
507	2447	1
507	2551	1
507	2718	1
507	2739	1
507	2746	1
507	2842	1
507	2957	1
507	2970	1
507	2986	1
507	3073	1
507	3095	1
507	3136	1
507	3200	1
507	3208	1
507	3213	1
507	3233	1
507	326	1
507	329	1
507	3307	1
507	3310	1
507	3512	1
507	3535	1
507	3587	1
507	3591	1
507	3660	1
507	3701	1
507	3757	1
507	3765	1
507	3787	1
507	3919	1
507	3957	1
507	3976	1
507	4164	1
507	4203	1
507	4352	1
507	4386	1
507	4527	1
507	47	1
507	4740	1
507	4968	1
507	5114	1
507	5124	1
507	5167	1
507	5200	1
507	5201	1
507	525	1
507	5258	1
507	5270	1
507	5294	1
507	752	1
507	8125	1
507	936	1
507	939	1
507	959	1
508	1063	1
508	1199	1
508	1235	1
508	1255	1
508	1429	1
508	16	1
508	1619	1
508	1719	1
508	1776	1
508	1841	1
508	1933	1
508	2001	1
508	2274	1
508	2285	1
508	2329	1
508	2393	1
508	2529	1
508	2548	1
508	2613	1
508	2624	1
508	2980	1
508	3012	1
508	3109	1
508	3140	1
508	3234	1
508	3258	1
508	3265	1
508	3276	1
508	3295	1
508	3312	1
508	3319	1
508	3377	1
508	3434	1
508	3530	1
508	3590	1
508	3627	1
508	3635	1
508	367	1
508	3672	1
508	3685	1
508	3687	1
508	3706	1
508	3718	1
508	3762	1
508	3768	1
508	3842	1
508	3920	1
508	416	1
508	4216	1
508	4323	1
508	4370	1
508	4491	1
508	4508	1
508	471	1
508	5112	1
508	514	1
508	5306	1
508	5335	1
508	5363	1
508	5590	1
508	578	1
508	5786	1
508	590	1
508	5902	1
508	785	1
508	821	1
508	854	1
508	8794	1
508	919	1
508	926	1
508	967	1
508	997	1
509	1056	1
509	1112	1
509	1179	1
509	1277	1
509	1344	1
509	144	1
509	1533	1
509	16	1
509	1685	1
509	1762	1
509	188	1
509	2016	1
509	2054	1
509	2364	1
509	2575	1
509	2587	1
509	2795	1
509	2798	1
509	3008	1
509	3148	1
509	3153	1
509	323	1
509	3256	1
509	3261	1
509	3305	1
509	3321	1
509	3504	1
509	3544	1
509	3555	1
509	3580	1
509	3581	1
509	3616	1
509	3629	1
509	3634	1
509	3636	1
509	3661	1
509	3667	1
509	3694	1
509	3739	1
509	377	1
509	382	1
509	3847	1
509	3856	1
509	390	1
509	4069	1
509	4084	1
509	4102	1
509	4125	1
509	4135	1
509	4192	1
509	4289	1
509	4352	1
509	4378	1
509	4502	1
509	47	1
509	4913	1
509	5059	1
509	5436	1
509	5555	1
509	577	1
509	713	1
509	751	1
509	994	1
510	1090	1
510	1338	1
510	1526	1
510	1540	1
510	16	1
510	172	1
510	1730	1
510	1730	1
510	1974	1
510	2280	1
510	2475	1
510	2504	1
510	2608	1
510	2713	1
510	284	1
510	2894	1
510	2905	1
510	295	1
510	3156	1
510	3219	1
510	3335	1
510	3351	1
510	34	1
510	3544	1
510	3600	1
510	3678	1
510	3732	1
510	3970	1
510	4126	1
510	4231	1
510	4390	1
510	4427	1
510	448	1
510	4487	1
510	498	1
510	5327	1
510	5490	1
510	5504	1
510	584	1
510	629	1
510	782	1
510	861	1
510	936	1
510	947	1
511	1159	1
511	1160	1
511	1270	1
511	133	1
511	16	1
511	16	1
511	17	1
511	1921	1
511	1976	1
511	2030	1
511	2132	1
511	2171	1
511	2187	1
511	2440	1
511	2466	1
511	2547	1
511	2637	1
511	2695	1
511	2716	1
511	2733	1
511	2749	1
511	2801	1
511	2864	1
511	288	1
511	3006	1
511	315	1
511	3585	1
511	3760	1
511	3771	1
511	3789	1
511	3901	1
511	4015	1
511	4048	1
511	51	1
511	5149	1
511	5215	1
511	5223	1
511	5423	1
511	6031	1
511	609	1
512	1046	1
512	1138	1
512	1165	1
512	1172	1
512	1265	1
512	156	1
512	1598	1
512	1692	1
512	2084	1
512	210	1
512	2194	1
512	2331	1
512	2342	1
512	2542	1
512	2817	1
512	2929	1
512	3141	1
512	3472	1
512	3476	1
512	3482	1
512	3520	1
512	3693	1
512	3811	1
512	3853	1
512	3870	1
512	3901	1
512	4011	1
512	4203	1
512	5276	1
512	903	1
513	1001	1
513	1234	1
513	1714	1
513	2115	1
513	2182	1
513	2278	1
513	2419	1
513	2643	1
513	2836	1
513	2955	1
513	3068	1
513	3414	1
513	3470	1
513	3538	1
513	3607	1
513	3701	1
513	4027	1
513	4300	1
513	4408	1
513	4695	1
513	5254	1
513	5277	1
513	5440	1
513	855	1
514	10027	1
514	1512	1
514	1571	1
514	1835	1
514	2123	1
514	2229	1
514	2364	1
514	2652	1
514	3123	1
514	3186	1
514	3244	1
514	3363	1
514	3699	1
514	3699	1
514	3704	1
514	3764	1
514	4022	1
514	4186	1
514	4597	1
514	4841	1
514	5481	1
514	607	1
514	698	1
515	1089	1
515	1970	1
515	2876	1
515	3146	1
515	3261	1
515	3302	1
515	3348	1
515	3368	1
515	3839	1
515	3852	1
515	4152	1
515	514	1
515	5308	1
515	6693	1
516	1127	1
516	1226	1
516	1330	1
516	1424	1
516	1810	1
516	2013	1
516	2310	1
516	2367	1
516	2873	1
516	2894	1
516	3184	1
516	354	1
516	3742	1
516	3764	1
516	3895	1
516	4627	1
516	5029	1
516	5461	1
516	5708	1
517	1779	1
517	2103	1
517	2595	1
517	3041	1
517	3143	1
517	3923	1
517	3963	1
517	4296	1
517	4528	1
517	4590	1
517	5173	1
517	5419	1
517	61	1
518	1828	1
518	186	1
518	2098	1
518	2175	1
518	2401	1
518	2650	1
518	2828	1
518	2898	1
518	3455	1
518	3535	1
518	3667	1
518	4594	1
518	4776	1
518	4965	1
518	5252	1
518	889	1
519	1989	1
519	2246	1
519	2526	1
519	2590	1
519	2612	1
519	2683	1
519	2823	1
519	3549	1
519	4137	1
519	4264	1
519	4674	1
519	5075	1
519	516	1
519	5250	1
520	1715	1
520	1984	1
520	2001	1
520	2750	1
521	1145	1
521	1374	1
521	1771	1
521	1784	1
521	1838	1
521	1953	1
521	1955	1
521	209	1
521	2093	1
521	2301	1
521	2819	1
521	3205	1
521	3319	1
521	342	1
521	3488	1
521	3555	1
521	3774	1
521	3812	1
521	3821	1
521	4417	1
521	4576	1
521	4643	1
521	4815	1
521	5073	1
521	730	1
521	779	1
522	1754	1
522	2871	1
522	3131	1
522	3379	1
522	3850	1
522	417	1
522	4581	1
522	4582	1
522	635	1
522	651	1
522	751	1
522	797	1
523	1961	1
523	1988	1
523	2857	1
523	342	1
523	3551	1
523	3791	1
523	4458	1
523	4622	1
523	6527	1
523	9391	1
524	1109	1
524	1417	1
524	1503	1
524	1559	1
524	1948	1
524	2214	1
524	2550	1
524	3052	1
524	3483	1
524	3768	1
524	6950	1
525	1013	1
525	1231	1
525	17	1
525	1728	1
525	1741	1
525	2264	1
525	2477	1
525	2859	1
525	2940	1
525	3277	1
525	3405	1
525	4544	1
525	506	1
525	51	1
526	1511	1
526	2196	1
526	2698	1
526	3525	1
526	3747	1
526	4108	1
526	88	1
527	261	1
527	381	1
527	5335	1
527	555	1
528	1899	1
528	3261	1
529	244	1
529	3270	1
529	730	1
530	1717	1
530	1961	1
530	4039	1
530	4300	1
530	5433	1
531	1615	1
531	2279	1
531	2649	1
531	3621	1
531	3825	1
531	3857	1
531	4551	1
531	4704	1
531	868	1
532	1303	1
532	1507	1
532	171	1
532	3651	1
532	384	1
532	686	1
533	1363	1
533	2735	1
533	2970	1
533	431	1
533	5371	1
534	1178	1
534	46	1
534	5287	1
534	622	1
535	1928	1
535	2096	1
535	2427	1
535	2610	1
535	3440	1
535	3562	1
535	3649	1
535	3864	1
535	4442	1
536	1608	1
536	1901	1
536	2002	1
536	2827	1
536	3318	1
536	3325	1
536	3640	1
536	3878	1
536	5045	1
537	160	1
537	1658	1
537	2758	1
537	3345	1
537	3373	1
537	3508	1
537	357	1
537	3620	1
537	3674	1
537	388	1
537	4213	1
537	4581	1
537	4687	1
537	5477	1
538	255	1
538	829	1
539	2323	1
539	2536	1
539	2727	1
539	2847	1
539	2871	1
539	2917	1
539	3759	1
539	51	1
539	828	1
540	1608	1
540	2310	1
540	3079	1
540	3231	1
540	3676	1
540	5442	1
541	3198	1
542	3303	1
543	1287	1
543	236	1
543	2946	1
543	3230	1
543	3521	1
543	3588	1
543	4093	1
543	4295	1
543	4323	1
543	4491	1
543	5244	1
543	668	1
544	1044	1
544	1355	1
544	1447	1
544	2197	1
544	226	1
544	2547	1
544	4840	1
544	4853	1
544	5323	1
544	84	1
545	2478	1
545	3753	1
545	3790	1
545	3964	1
546	1184	1
546	1664	1
546	2869	1
546	2925	1
546	3403	1
546	3620	1
546	3633	1
546	3640	1
546	4319	1
546	4607	1
546	4680	1
546	798	1
547	163	1
547	2210	1
547	228	1
547	3174	1
547	3342	1
547	3686	1
547	4032	1
547	409	1
547	4834	1
547	5371	1
547	5570	1
547	5597	1
548	1555	1
548	3854	1
548	4776	1
548	5450	1
549	17	1
549	1833	1
549	1858	1
549	2421	1
549	2608	1
549	2618	1
549	2722	1
549	2831	1
549	2922	1
549	3525	1
549	51	1
549	923	1
549	951	1
550	1277	1
550	2143	1
550	2566	1
550	3688	1
550	3868	1
550	46	1
551	1320	1
551	2022	1
551	3674	1
551	432	1
551	660	1
552	1659	1
552	2375	1
552	2819	1
552	2879	1
552	4666	1
552	5337	1
553	1024	1
553	1761	1
553	2849	1
553	3234	1
553	3562	1
553	3930	1
554	1559	1
554	1570	1
554	3159	1
554	3206	1
554	3384	1
554	3470	1
554	376	1
554	5149	1
554	5883	1
554	595	1
555	167	1
555	2908	1
555	4219	1
556	1219	1
556	2783	1
556	3742	1
556	5197	1
557	1179	1
557	1922	1
557	2763	1
557	3000	1
557	3266	1
557	3589	1
557	459	1
557	5241	1
557	623	1
557	782	1
558	1073	1
558	1369	1
558	1426	1
558	17	1
558	2129	1
558	2741	1
558	429	1
559	1546	1
559	3880	1
559	403	1
559	4040	1
559	4681	1
559	6252	1
559	827	1
560	1492	1
560	1833	1
560	189	1
560	2047	1
560	3089	1
560	3373	1
560	3806	1
560	3983	1
560	4204	1
560	682	1
561	1551	1
561	1990	1
561	2654	1
561	3364	1
561	3764	1
561	4075	1
561	664	1
561	775	1
562	1153	1
562	3567	1
562	3701	1
563	1069	1
563	1497	1
563	17	1
563	2020	1
563	2420	1
563	2688	1
563	271	1
563	2930	1
563	2964	1
563	3281	1
563	3317	1
563	3377	1
563	3438	1
563	3580	1
563	3770	1
563	4157	1
563	884	1
564	1509	1
564	1891	1
564	3203	1
564	3291	1
564	3717	1
564	4438	1
564	6096	1
564	824	1
565	1269	1
565	1648	1
565	2413	1
565	2498	1
565	2924	1
565	2924	1
565	3532	1
565	3760	1
565	4502	1
565	5300	1
565	5354	1
565	594	1
566	1089	1
566	1474	1
566	1990	1
566	2692	1
566	2809	1
566	3712	1
566	377	1
566	3933	1
566	4013	1
566	5540	1
566	741	1
566	871	1
567	1078	1
567	203	1
567	2268	1
567	2350	1
567	2790	1
567	3549	1
567	3731	1
567	4520	1
567	752	1
568	1108	1
568	1517	1
568	1949	1
568	2046	1
568	2139	1
568	3751	1
568	3923	1
568	4469	1
568	791	1
568	809	1
569	1096	1
569	2017	1
569	2548	1
569	3012	1
569	358	1
569	3787	1
569	4159	1
569	4307	1
569	4526	1
569	4721	1
569	5264	1
570	1238	1
570	277	1
570	2874	1
570	45	1
571	1141	1
571	1739	1
571	1958	1
571	4213	1
571	5450	1
572	3347	1
573	1258	1
573	1894	1
573	2052	1
573	2415	1
573	2729	1
573	2840	1
573	3188	1
573	3720	1
573	3739	1
573	4555	1
573	46	1
573	769	1
574	233	1
574	4636	1
575	1535	1
575	1707	1
575	2186	1
575	2449	1
575	2482	1
575	2521	1
575	2989	1
575	3828	1
575	4491	1
575	5009	1
575	5048	1
575	5323	1
575	5730	1
576	145	1
576	2166	1
576	2534	1
576	2810	1
576	317	1
576	4587	1
576	51	1
576	5437	1
576	630	1
577	3018	1
577	936	1
578	2843	1
578	5544	1
578	837	1
579	1908	1
579	210	1
580	163	1
580	5388	1
581	1487	1
581	235	1
581	4765	1
581	6142	1
582	219	1
582	2739	1
582	5368	1
583	3995	1
583	830	1
584	2163	1
584	232	1
584	264	1
584	2961	1
584	3174	1
584	4871	1
584	563	1
584	642	1
585	213	1
585	291	1
585	4074	1
585	4385	1
585	5101	1
585	5393	1
586	1288	1
586	3653	1
586	3951	1
586	5727	1
587	1198	1
587	1676	1
587	3962	1
587	4802	1
587	4938	1
587	744	1
587	999	1
588	3780	1
588	4337	1
588	952	1
589	1227	1
589	397	1
589	434	1
589	5839	1
590	3071	1
590	3815	1
590	3823	1
590	3830	1
590	5576	1
591	1458	1
591	226	1
591	2361	1
591	3895	1
591	52	1
591	739	1
592	1397	1
592	2001	1
592	2045	1
592	2200	1
592	3050	1
592	3093	1
592	3704	1
592	4470	1
592	648	1
592	832	1
593	222	1
593	2812	1
593	3249	1
593	3682	1
593	4527	1
593	46	1
593	5213	1
593	5260	1
593	665	1
593	949	1
594	1259	1
594	1677	1
594	2628	1
594	285	1
594	4849	1
594	575	1
594	6152	1
594	761	1
595	234	1
595	2611	1
595	2882	1
595	4799	1
595	692	1
596	225	1
596	3777	1
596	440	1
597	1539	1
597	1567	1
597	2316	1
597	2319	1
597	2546	1
597	2650	1
597	2669	1
597	3194	1
597	3491	1
597	3507	1
597	3547	1
597	3563	1
597	3675	1
597	3877	1
597	403	1
597	4052	1
597	4100	1
597	436	1
597	56	1
597	7219	1
597	812	1
597	941	1
598	1048	1
598	1143	1
598	1204	1
598	1590	1
598	1772	1
598	1906	1
598	1923	1
598	207	1
598	264	1
598	309	1
598	3249	1
598	3568	1
598	3731	1
598	3778	1
598	419	1
598	423	1
598	5557	1
598	60	1
598	629	1
598	648	1
598	664	1
598	812	1
598	846	1
598	863	1
599	290	1
599	3005	1
599	5439	1
599	6704	1
600	1698	1
600	2742	1
600	2946	1
600	3613	1
600	3759	1
600	5320	1
601	1203	1
601	1663	1
601	17	1
601	2213	1
601	2635	1
601	2745	1
601	2761	1
601	3109	1
601	3588	1
601	3627	1
601	365	1
601	3897	1
601	4416	1
601	4624	1
601	51	1
601	51	1
601	5646	1
601	671	1
601	745	1
602	1302	1
602	1362	1
602	2126	1
602	2931	1
602	3103	1
602	3122	1
602	3174	1
602	3552	1
602	658	1
602	670	1
602	872	1
603	1094	1
603	2841	1
603	288	1
603	3104	1
603	3265	1
603	3361	1
603	3572	1
603	3698	1
603	3802	1
604	1069	1
604	2064	1
604	2470	1
604	2679	1
604	3500	1
604	3508	1
604	3545	1
604	3586	1
604	3841	1
604	3950	1
604	4016	1
604	4067	1
604	4507	1
604	4627	1
604	792	1
605	1189	1
605	1324	1
605	1327	1
605	1962	1
605	2749	1
605	2801	1
605	2893	1
605	3346	1
605	3378	1
605	3384	1
605	3421	1
605	3458	1
605	3480	1
605	3551	1
605	3558	1
605	3765	1
605	3811	1
605	3849	1
605	4906	1
605	605	1
605	923	1
606	1086	1
606	1196	1
606	1630	1
606	1666	1
606	1780	1
606	1800	1
606	1817	1
606	2200	1
606	2237	1
606	2334	1
606	2336	1
606	2405	1
606	2423	1
606	2750	1
606	301	1
606	3115	1
606	3465	1
606	3557	1
606	3599	1
606	3640	1
606	3651	1
606	3709	1
606	3726	1
606	3805	1
606	3813	1
606	3816	1
606	3853	1
606	4148	1
606	4193	1
606	4858	1
606	51	1
606	669	1
606	744	1
607	101	1
607	1092	1
607	1138	1
607	1269	1
607	1354	1
607	1397	1
607	1497	1
607	16	1
607	1719	1
607	1815	1
607	1831	1
607	1866	1
607	1911	1
607	20	1
607	20	1
607	2125	1
607	230	1
607	2395	1
607	242	1
607	2428	1
607	248	1
607	254	1
607	257	1
607	2574	1
607	260	1
607	2760	1
607	2812	1
607	2896	1
607	2983	1
607	304	1
607	335	1
607	3409	1
607	3475	1
607	3513	1
607	3515	1
607	3558	1
607	3558	1
607	3610	1
607	3629	1
607	3694	1
607	3720	1
607	3728	1
607	3758	1
607	3774	1
607	3798	1
607	3862	1
607	4006	1
607	4440	1
607	4650	1
607	4665	1
607	4674	1
607	49	1
607	522	1
607	66	1
607	930	1
607	950	1
607	969	1
608	1097	1
608	1130	1
608	1814	1
608	1908	1
608	20	1
608	2245	1
608	232	1
608	2345	1
608	239	1
608	2607	1
608	2651	1
608	2761	1
608	2799	1
608	2817	1
608	2856	1
608	2882	1
608	2912	1
608	2974	1
608	2981	1
608	3061	1
608	3090	1
608	3135	1
608	3137	1
608	326	1
608	3279	1
608	3334	1
608	3407	1
608	3492	1
608	354	1
608	3542	1
608	3568	1
608	3581	1
608	3612	1
608	3616	1
608	3624	1
608	3634	1
608	3647	1
608	3651	1
608	3668	1
608	3671	1
608	3672	1
608	3678	1
608	3714	1
608	3731	1
608	3747	1
608	3813	1
608	3983	1
608	4110	1
608	4134	1
608	420	1
608	4304	1
608	440	1
608	468	1
608	472	1
608	568	1
608	5732	1
608	585	1
608	588	1
608	722	1
608	741	1
608	816	1
608	843	1
608	844	1
608	8963	1
608	936	1
608	965	1
608	987	1
609	1052	1
609	116	1
609	1193	1
609	1278	1
609	1311	1
609	1364	1
609	1648	1
609	173	1
609	1737	1
609	182	1
609	1949	1
609	2016	1
609	2091	1
609	212	1
609	2142	1
609	225	1
609	233	1
609	2543	1
609	2631	1
609	2650	1
609	2717	1
609	2879	1
609	2966	1
609	2968	1
609	3010	1
609	3018	1
609	3092	1
609	314	1
609	3178	1
609	3367	1
609	3391	1
609	3398	1
609	3515	1
609	3557	1
609	3595	1
609	3665	1
609	3668	1
609	3691	1
609	37	1
609	37	1
609	3773	1
609	3843	1
609	3866	1
609	3879	1
609	412	1
609	4155	1
609	4201	1
609	4578	1
609	462	1
609	4669	1
609	467	1
609	476	1
609	5123	1
609	5168	1
609	5625	1
609	568	1
609	642	1
609	663	1
609	703	1
609	787	1
609	857	1
609	979	1
610	1132	1
610	114	1
610	1227	1
610	1228	1
610	124	1
610	1287	1
610	1293	1
610	1464	1
610	1464	1
610	155	1
610	1610	1
610	1749	1
610	1860	1
610	196	1
610	1964	1
610	2106	1
610	2213	1
610	227	1
610	229	1
610	2355	1
610	263	1
610	2639	1
610	2817	1
610	2901	1
610	3089	1
610	3332	1
610	3398	1
610	3579	1
610	3583	1
610	3672	1
610	3746	1
610	3790	1
610	3933	1
610	4145	1
610	4602	1
610	4613	1
610	4719	1
610	4894	1
610	5087	1
610	570	1
610	6348	1
610	65	1
610	727	1
610	764	1
610	779	1
610	813	1
610	822	1
610	859	1
610	911	1
611	1131	1
611	1464	1
611	1517	1
611	1687	1
611	1709	1
611	177	1
611	233	1
611	2756	1
611	2902	1
611	3320	1
611	3355	1
611	3415	1
611	342	1
611	3435	1
611	3506	1
611	3571	1
611	3573	1
611	3624	1
611	3807	1
611	3919	1
611	4473	1
611	4525	1
611	4538	1
611	4912	1
611	5464	1
611	673	1
611	797	1
612	1034	1
612	1167	1
612	1296	1
612	1348	1
612	1426	1
612	1691	1
612	1840	1
612	2202	1
612	2321	1
612	2666	1
612	2777	1
612	2795	1
612	2846	1
612	326	1
612	328	1
612	3381	1
612	3401	1
612	3418	1
612	3606	1
612	3627	1
612	3636	1
612	3885	1
612	4380	1
612	5108	1
612	5561	1
612	566	1
612	582	1
612	621	1
612	629	1
612	682	1
613	1025	1
613	1210	1
613	1614	1
613	1628	1
613	1648	1
613	193	1
613	255	1
613	2571	1
613	3251	1
613	3293	1
613	3560	1
613	3964	1
613	4461	1
613	4877	1
613	6171	1
613	623	1
613	723	1
614	1047	1
614	1177	1
614	1393	1
614	1992	1
614	2527	1
614	296	1
614	3111	1
614	3195	1
614	3219	1
614	3646	1
614	3724	1
614	3736	1
614	4427	1
614	5070	1
614	630	1
614	958	1
615	1817	1
615	208	1
615	228	1
615	231	1
615	2399	1
615	2454	1
615	2795	1
615	2990	1
615	350	1
615	4462	1
615	4623	1
615	4632	1
615	5263	1
615	890	1
616	1905	1
616	2100	1
616	2419	1
616	3659	1
616	4259	1
616	4684	1
616	5482	1
617	1640	1
617	1812	1
617	2229	1
617	2820	1
617	3076	1
617	3274	1
617	3377	1
617	3395	1
617	343	1
617	3596	1
617	3685	1
617	3785	1
618	2126	1
618	2163	1
618	260	1
618	2743	1
618	3533	1
618	4439	1
618	4482	1
618	4649	1
619	1342	1
619	1839	1
619	2247	1
619	2768	1
619	3649	1
619	3800	1
619	3889	1
619	3969	1
619	4400	1
619	45	1
619	4661	1
619	494	1
619	51	1
620	2742	1
620	3640	1
620	3660	1
620	3709	1
620	4717	1
621	1268	1
621	2314	1
621	2317	1
621	2874	1
621	3286	1
621	3491	1
621	4656	1
621	60	1
621	631	1
621	764	1
621	766	1
621	909	1
621	912	1
622	1665	1
622	2495	1
622	2816	1
622	3720	1
622	415	1
622	4708	1
622	4940	1
622	4986	1
622	874	1
623	1060	1
623	1347	1
623	2120	1
623	3085	1
623	3367	1
623	6732	1
624	3566	1
624	4559	1
624	776	1
625	220	1
625	2565	1
625	3678	1
625	468	1
625	51	1
